        Frequency / GHz                Rad. Efficiency [1]/abs,dB
----------------------------------------------------------------------
                      33                     0.054262062
               33.067114                     -0.59033511
                33.10101                      -0.8854512
               33.134228                       -1.143978
               33.201342                      -1.5569326
                33.20202                      -1.5602177
               33.268456                      -1.8052385
                33.30303                       -1.864773
                33.33557                      -1.8777308
               33.402685                       -1.775894
                33.40404                      -1.7721042
               33.469799                      -1.5211584
               33.505051                       -1.342357
               33.536913                      -1.1655244
               33.604027                     -0.79063508
               33.606061                     -0.77995867
               33.671141                     -0.48756127
               33.707071                     -0.38041406
               33.738255                     -0.32363782
               33.805369                     -0.31463261
               33.808081                     -0.31701941
               33.872483                       -0.429287
               33.909091                     -0.52533774
               33.939597                     -0.61520726
               34.006711                     -0.82079157
               34.010101                     -0.83088431
               34.073826                      -1.0052404
               34.111111                      -1.0878156
                34.14094                      -1.1404433
               34.208054                      -1.2085906
               34.212121                      -1.2103452
               34.275168                      -1.2021369
               34.313131                      -1.1662532
               34.342282                      -1.1244811
               34.409396                     -0.99091907
               34.414141                     -0.98011256
                34.47651                     -0.82735347
               34.515152                     -0.73113307
               34.543624                     -0.66330051
               34.610738                     -0.52422655
               34.616162                     -0.51483469
               34.677852                     -0.42538464
               34.717172                     -0.38741295
               34.744966                     -0.36889373
               34.812081                     -0.34807412
               34.818182                     -0.34759505
               34.879195                     -0.35224165
               34.919192                      -0.3619136
               34.946309                     -0.37009198
               35.013423                     -0.39210399
               35.020202                     -0.39436507
               35.080537                     -0.41132856
               35.121212                     -0.41936512
               35.147651                     -0.42267972
               35.214765                     -0.42353947
               35.222222                     -0.42299143
               35.281879                     -0.41274144
               35.323232                     -0.40004131
               35.348993                     -0.39007815
               35.416107                     -0.35651985
               35.424242                     -0.35182817
               35.483221                     -0.31456824
               35.525253                     -0.28536483
               35.550336                     -0.26747499
                35.61745                     -0.21956816
               35.626263                     -0.21351592
               35.684564                     -0.17667533
               35.727273                     -0.15486334
               35.751678                     -0.14510381
               35.818792                      -0.1312905
               35.828283                     -0.13111845
               35.885906                     -0.14055227
               35.929293                     -0.15991851
                35.95302                     -0.17517406
               36.020134                     -0.23362626
               36.030303                     -0.24429299
               36.087248                     -0.31046944
               36.131313                     -0.36633262
               36.154362                     -0.39621795
               36.221477                     -0.48068462
               36.232323                     -0.49361107
               36.288591                     -0.55513594
               36.333333                     -0.59623129
               36.355705                     -0.61386824
               36.422819                     -0.65511635
               36.434343                     -0.66053863
               36.489933                     -0.68079572
               36.535354                     -0.69157003
               36.557047                     -0.69542728
               36.624161                     -0.70480812
               36.636364                     -0.70641725
               36.691275                     -0.71477235
               36.737374                     -0.72452379
               36.758389                     -0.73010499
               36.825503                     -0.75363404
               36.838384                     -0.75914147
               36.892617                     -0.78582434
               36.939394                     -0.81256762
               36.959732                     -0.82501664
               37.026846                     -0.86800538
               37.040404                      -0.8767607
                37.09396                     -0.91068326
               37.141414                     -0.93855874
               37.161074                     -0.94922762
               37.228188                     -0.98070162
               37.242424                     -0.98628288
               37.295302                      -1.0034298
               37.343434                      -1.0141394
               37.362416                      -1.0171335
                37.42953                      -1.0226942
               37.444444                      -1.0229691
               37.496644                       -1.021787
               37.545455                      -1.0182801
               37.563758                      -1.0165429
               37.630872                      -1.0090535
               37.646465                      -1.0071845
               37.697987                      -1.0010729
               37.747475                     -0.99561641
               37.765101                     -0.99382871
               37.832215                     -0.98790152
               37.848485                     -0.98667175
               37.899329                     -0.98326761
               37.949495                     -0.98036241
               37.966443                     -0.97942162
                      38                      -0.9775665
               38.033557                     -0.97558441
               38.050505                     -0.97452118
               38.100671                     -0.97088471
               38.151515                     -0.96623235
               38.167785                     -0.96448943
               38.234899                     -0.95580525
               38.252525                      -0.9531026
               38.302013                     -0.94449212
               38.353535                      -0.9339247
               38.369128                     -0.93043318
               38.436242                     -0.91372069
               38.454545                     -0.90874669
               38.503356                     -0.89470089
               38.555556                     -0.87854924
                38.57047                     -0.87377935
               38.637584                     -0.85134462
               38.656566                     -0.84479695
               38.704698                     -0.82791535
               38.757576                     -0.80905456
               38.771812                      -0.8039452
               38.838926                     -0.77979614
               38.858586                     -0.77273329
                38.90604                     -0.75577717
               38.959596                     -0.73694441
               38.973154                     -0.73219703
               39.040268                     -0.70922615
               39.060606                     -0.70238125
               39.107383                     -0.68685799
               39.161616                     -0.66926783
               39.174497                     -0.66512404
               39.241611                     -0.64388087
               39.262626                     -0.63727278
               39.308725                     -0.62283255
               39.363636                     -0.60550888
               39.375839                     -0.60162801
               39.442953                     -0.57992485
               39.464646                     -0.57272739
               39.510067                     -0.55734363
               39.565657                     -0.53769473
               39.577181                     -0.53351902
               39.644295                     -0.50837176
               39.666667                     -0.49969806
               39.711409                     -0.48195583
               39.767677                     -0.45901363
               39.778523                     -0.45453924
               39.845638                      -0.4266615
               39.868687                     -0.41711732
               39.912752                     -0.39905929
               39.969697                     -0.37645725
               39.979866                     -0.37254092
                40.04698                     -0.34789372
               40.070707                     -0.33975509
               40.114094                     -0.32575806
               40.171717                     -0.30901794
               40.181208                      -0.3064645
               40.248322                     -0.28998152
               40.272727                      -0.2846107
               40.315436                     -0.27586121
               40.373737                     -0.26488387
                40.38255                     -0.26328269
               40.449664                     -0.25121579
               40.474747                     -0.24664086
               40.516779                     -0.23863202
               40.575758                     -0.22641295
               40.583893                     -0.22461712
               40.651007                     -0.20868207
               40.676768                     -0.20206904
               40.718121                      -0.1909061
               40.777778                     -0.17401785
               40.785235                     -0.17188128
               40.852349                     -0.15266427
               40.878788                     -0.14533549
               40.919463                      -0.1346346
               40.979798                     -0.12061248
               40.986577                     -0.11924907
               41.053691                     -0.10753513
               41.080808                     -0.10396887
               41.120805                     -0.10006423
               41.181818                    -0.096974341
               41.187919                    -0.096840273
               41.255034                    -0.097020482
               41.282828                    -0.097770041
               41.322148                     -0.09923464
               41.383838                     -0.10178091
               41.389262                     -0.10193647
               41.456376                      -0.1036946
               41.484848                     -0.10382947
                41.52349                     -0.10328665
               41.585859                     -0.10057812
               41.590604                     -0.10023988
               41.657718                    -0.094861998
               41.686869                    -0.091961414
               41.724832                    -0.087875016
               41.787879                    -0.080886018
               41.791946                    -0.080446903
                41.85906                    -0.073875272
               41.888889                    -0.071523278
               41.926174                    -0.069229828
               41.989899                    -0.067210183
               41.993289                    -0.067161094
               42.060403                    -0.067821163
               42.090909                    -0.068907491
               42.127517                    -0.070718661
               42.191919                    -0.074776922
               42.194631                    -0.074942418
               42.261745                    -0.079204978
               42.292929                    -0.080755821
               42.328859                    -0.081987906
               42.393939                    -0.081930441
               42.395973                    -0.081873867
               42.463087                    -0.077880278
               42.494949                    -0.074464811
               42.530201                    -0.069579123
                42.59596                    -0.057729069
               42.597315                    -0.057451625
                42.66443                    -0.043064179
                42.69697                    -0.035991535
               42.731544                    -0.028936314
                42.79798                    -0.018520557
               42.798658                    -0.018427898
               42.865772                    -0.015047448
                42.89899                    -0.016795145
               42.932886                    -0.021423276
                      43                    -0.038666952

        Frequency / GHz                Tot. Efficiency [1]/abs,dB
----------------------------------------------------------------------
                      33                      -9.7081659
               33.067114                      -9.5317829
                33.10101                       -9.468775
               33.134228                      -9.4228379
               33.201342                      -9.3693322
                33.20202                      -9.3690179
               33.268456                      -9.3489088
                33.30303                      -9.3416037
                33.33557                      -9.3313193
               33.402685                      -9.2832633
                33.40404                      -9.2817722
               33.469799                      -9.1758012
               33.505051                      -9.0893436
               33.536913                       -8.992337
               33.604027                      -8.7331719
               33.606061                       -8.724277
               33.671141                      -8.4147417
               33.707071                      -8.2288506
               33.738255                      -8.0631426
               33.805369                      -7.7059077
               33.808081                      -7.6916886
               33.872483                      -7.3657534
               33.909091                      -7.1929794
               33.939597                      -7.0571904
               34.006711                      -6.7853462
               34.010101                      -6.7725169
               34.073826                      -6.5459116
               34.111111                      -6.4225513
                34.14094                      -6.3262997
               34.208054                       -6.107386
               34.212121                      -6.0936442
               34.275168                      -5.8663993
               34.313131                      -5.7118425
               34.342282                      -5.5815016
               34.409396                      -5.2370813
               34.414141                      -5.2102891
                34.47651                      -4.8280455
               34.515152                      -4.5654061
               34.543624                      -4.3611578
               34.610738                      -3.8531106
               34.616162                      -3.8109304
               34.677852                      -3.3261386
               34.717172                      -3.0179329
               34.744966                      -2.8033369
               34.812081                      -2.3054483
               34.818182                      -2.2620356
               34.879195                      -1.8492695
               34.919192                       -1.602564
               34.946309                      -1.4473354
               35.013423                      -1.1083093
               35.020202                      -1.0777919
               35.080537                     -0.83774585
               35.121212                     -0.70849345
               35.147651                     -0.63876471
               35.214765                     -0.51254568
               35.222222                     -0.50300918
               35.281879                     -0.45876865
               35.323232                     -0.46106281
               35.348993                     -0.47583752
               35.416107                     -0.56095604
               35.424242                      -0.5757173
               35.483221                     -0.71009379
               35.525253                     -0.83376903
               35.550336                     -0.91789644
                35.61745                      -1.1775023
               35.626263                      -1.2150087
               35.684564                      -1.4803645
               35.727273                      -1.6909694
               35.751678                       -1.816165
               35.818792                      -2.1728786
               35.828283                      -2.2242527
               35.885906                      -2.5371525
               35.929293                      -2.7701326
                35.95302                      -2.8950858
               36.020134                      -3.2334026
               36.030303                      -3.2822087
               36.087248                      -3.5408732
               36.131313                       -3.722051
               36.154362                      -3.8097003
               36.221477                      -4.0363223
               36.232323                      -4.0689754
               36.288591                      -4.2214243
               36.333333                      -4.3236858
               36.355705                      -4.3691132
               36.422819                      -4.4855195
               36.434343                      -4.5028446
               36.489933                      -4.5772307
               36.535354                      -4.6282511
               36.557047                      -4.6500005
               36.624161                      -4.7080309
               36.636364                      -4.7172064
               36.691275                      -4.7536131
               36.737374                      -4.7780475
               36.758389                      -4.7872969
               36.825503                      -4.8083884
               36.838384                      -4.8108964
               36.892617                      -4.8155617
               36.939394                      -4.8115928
               36.959732                      -4.8074565
               37.026846                      -4.7831884
               37.040404                      -4.7763206
                37.09396                      -4.7427548
               37.141414                      -4.7048522
               37.161074                      -4.6870264
               37.228188                      -4.6176229
               37.242424                      -4.6013408
               37.295302                      -4.5366958
               37.343434                      -4.4728598
               37.362416                      -4.4465672
                37.42953                      -4.3493933
               37.444444                      -4.3270145
               37.496644                      -4.2469441
               37.545455                      -4.1699208
               37.563758                       -4.140581
               37.630872                       -4.031158
               37.646465                      -4.0053383
               37.697987                      -3.9191154
               37.747475                      -3.8349735
               37.765101                      -3.8047008
               37.832215                      -3.6880703
               37.848485                      -3.6594811
               37.899329                      -3.5694067
               37.949495                      -3.4795729
               37.966443                      -3.4490296
                      38                      -3.3883906
               38.033557                      -3.3275075
               38.050505                      -3.2967335
               38.100671                      -3.2055624
               38.151515                      -3.1133989
               38.167785                      -3.0840218
               38.234899                      -2.9638473
               38.252525                      -2.9326368
               38.302013                      -2.8459879
               38.353535                      -2.7576169
               38.369128                      -2.7313127
               38.436242                      -2.6205918
               38.454545                      -2.5911788
               38.503356                      -2.5145367
               38.555556                      -2.4356379
                38.57047                      -2.4137278
               38.637584                      -2.3186317
               38.656566                      -2.2928402
               38.704698                      -2.2297347
               38.757576                      -2.1643474
               38.771812                      -2.1474734
               38.838926                      -2.0722517
               38.858586                      -2.0516076
                38.90604                       -2.004466
               38.959596                      -1.9559912
               38.973154                      -1.9445145
               39.040268                      -1.8927083
               39.060606                      -1.8786457
               39.107383                      -1.8492307
               39.161616                      -1.8202711
               39.174497                       -1.814194
               39.241611                      -1.7875301
               39.262626                       -1.780861
               39.308725                       -1.768984
               39.363636                      -1.7595718
               39.375839                      -1.7581556
               39.442953                      -1.7545343
               39.464646                      -1.7547986
               39.510067                      -1.7574964
               39.565657                      -1.7644383
               39.577181                      -1.7663549
               39.644295                      -1.7804822
               39.666667                       -1.786255
               39.711409                      -1.7992677
               39.767677                      -1.8181985
               39.778523                      -1.8221572
               39.845638                      -1.8486672
               39.868687                      -1.8585303
               39.912752                      -1.8783489
               39.969697                      -1.9056627
               39.979866                       -1.910718
                40.04698                      -1.9451912
               40.070707                      -1.9577581
               40.114094                      -1.9810562
               40.171717                      -2.0122602
               40.181208                      -2.0173853
               40.248322                      -2.0530338
               40.272727                       -2.065573
               40.315436                      -2.0866707
               40.373737                      -2.1131245
                40.38255                      -2.1168338
               40.449664                      -2.1420377
               40.474747                      -2.1498998
               40.516779                      -2.1609011
               40.575758                      -2.1713065
               40.583893                      -2.1722501
               40.651007                      -2.1752199
               40.676768                      -2.1740184
               40.718121                      -2.1692946
               40.777778                      -2.1563719
               40.785235                      -2.1542502
               40.852349                      -2.1300564
               40.878788                      -2.1180201
               40.919463                      -2.0967397
               40.979798                      -2.0589339
               40.986577                      -2.0542223
               41.053691                      -2.0021251
               41.080808                      -1.9782052
               41.120805                      -1.9397545
               41.181818                      -1.8733265
               41.187919                      -1.8661394
               41.255034                      -1.7801147
               41.282828                      -1.7405882
               41.322148                       -1.680611
               41.383838                      -1.5767323
               41.389262                      -1.5670122
               41.456376                      -1.4394868
               41.484848                      -1.3814152
                41.52349                      -1.2991866
               41.585859                      -1.1594468
               41.590604                      -1.1485021
               41.657718                     -0.99106544
               41.686869                       -0.921703
               41.724832                     -0.83143791
               41.787879                     -0.68419512
               41.791946                     -0.67489882
                41.85906                     -0.52709028
               41.888889                     -0.46566932
               41.926174                     -0.39359519
               41.989899                     -0.28468951
               41.993289                     -0.27949803
               42.060403                     -0.18923714
               42.090909                     -0.15711535
               42.127517                     -0.12644164
               42.191919                    -0.094271317
               42.194631                    -0.093560955
               42.261745                    -0.091993854
               42.292929                      -0.1020756
               42.328859                     -0.12207443
               42.393939                     -0.18073756
               42.395973                     -0.18302165
               42.463087                     -0.27291904
               42.494949                     -0.32498557
               42.530201                     -0.38899297
                42.59596                     -0.52484099
               42.597315                      -0.5278334
                42.66443                     -0.68527508
                42.69697                     -0.76701748
               42.731544                     -0.85699646
                42.79798                      -1.0369629
               42.798658                      -1.0388251
               42.865772                      -1.2269199
                42.89899                      -1.3212431
               42.932886                       -1.417981
                      43                      -1.6095724

