Theta [deg.]  Phi   [deg.]  Abs(Dir.)[dBi   ]   Abs(???  )[dBi   ]  Phase(???  )[deg.]  Abs(???  )[dBi   ]  Phase(???  )[deg.]  Ax.Ratio[dB    ]    
------------------------------------------------------------------------------------------------------------------------------------------------------
   0.000          90.000            6.703e+00           6.703e+00               0.000           6.703e+00               0.000          -1.478e+01     
   1.000          90.000            6.638e+00           6.638e+00               0.000           6.638e+00               0.000          -1.491e+01     
   2.000          90.000            6.580e+00           6.580e+00               0.000           6.580e+00               0.000          -1.503e+01     
   3.000          90.000            6.529e+00           6.529e+00               0.000           6.529e+00               0.000          -1.513e+01     
   4.000          90.000            6.485e+00           6.485e+00               0.000           6.485e+00               0.000          -1.522e+01     
   5.000          90.000            6.449e+00           6.449e+00               0.000           6.449e+00               0.000          -1.529e+01     
   6.000          90.000            6.419e+00           6.419e+00               0.000           6.419e+00               0.000          -1.535e+01     
   7.000          90.000            6.396e+00           6.396e+00               0.000           6.396e+00               0.000          -1.540e+01     
   8.000          90.000            6.377e+00           6.377e+00               0.000           6.377e+00               0.000          -1.543e+01     
   9.000          90.000            6.364e+00           6.364e+00               0.000           6.364e+00               0.000          -1.546e+01     
  10.000          90.000            6.354e+00           6.354e+00               0.000           6.354e+00               0.000          -1.548e+01     
  11.000          90.000            6.346e+00           6.346e+00               0.000           6.346e+00               0.000          -1.550e+01     
  12.000          90.000            6.340e+00           6.340e+00               0.000           6.340e+00               0.000          -1.551e+01     
  13.000          90.000            6.334e+00           6.334e+00               0.000           6.334e+00               0.000          -1.552e+01     
  14.000          90.000            6.328e+00           6.328e+00               0.000           6.328e+00               0.000          -1.553e+01     
  15.000          90.000            6.319e+00           6.319e+00               0.000           6.319e+00               0.000          -1.555e+01     
  16.000          90.000            6.308e+00           6.308e+00               0.000           6.308e+00               0.000          -1.557e+01     
  17.000          90.000            6.292e+00           6.292e+00               0.000           6.292e+00               0.000          -1.560e+01     
  18.000          90.000            6.272e+00           6.272e+00               0.000           6.272e+00               0.000          -1.565e+01     
  19.000          90.000            6.245e+00           6.245e+00               0.000           6.245e+00               0.000          -1.570e+01     
  20.000          90.000            6.212e+00           6.212e+00               0.000           6.212e+00               0.000          -1.576e+01     
  21.000          90.000            6.172e+00           6.172e+00               0.000           6.172e+00               0.000          -1.585e+01     
  22.000          90.000            6.124e+00           6.124e+00               0.000           6.124e+00               0.000          -1.594e+01     
  23.000          90.000            6.067e+00           6.067e+00               0.000           6.067e+00               0.000          -1.605e+01     
  24.000          90.000            6.001e+00           6.001e+00               0.000           6.001e+00               0.000          -1.619e+01     
  25.000          90.000            5.927e+00           5.927e+00               0.000           5.927e+00               0.000          -1.634e+01     
  26.000          90.000            5.842e+00           5.842e+00               0.000           5.842e+00               0.000          -1.650e+01     
  27.000          90.000            5.748e+00           5.748e+00               0.000           5.748e+00               0.000          -1.669e+01     
  28.000          90.000            5.643e+00           5.643e+00               0.000           5.643e+00               0.000          -1.690e+01     
  29.000          90.000            5.529e+00           5.529e+00               0.000           5.529e+00               0.000          -1.713e+01     
  30.000          90.000            5.404e+00           5.404e+00               0.000           5.404e+00               0.000          -1.738e+01     
  31.000          90.000            5.269e+00           5.269e+00               0.000           5.269e+00               0.000          -1.765e+01     
  32.000          90.000            5.124e+00           5.124e+00               0.000           5.124e+00               0.000          -1.794e+01     
  33.000          90.000            4.969e+00           4.969e+00               0.000           4.969e+00               0.000          -1.825e+01     
  34.000          90.000            4.804e+00           4.804e+00               0.000           4.804e+00               0.000          -1.858e+01     
  35.000          90.000            4.630e+00           4.630e+00               0.000           4.630e+00               0.000          -1.893e+01     
  36.000          90.000            4.446e+00           4.446e+00               0.000           4.446e+00               0.000          -1.930e+01     
  37.000          90.000            4.252e+00           4.252e+00               0.000           4.252e+00               0.000          -1.968e+01     
  38.000          90.000            4.050e+00           4.050e+00               0.000           4.050e+00               0.000          -2.009e+01     
  39.000          90.000            3.839e+00           3.839e+00               0.000           3.839e+00               0.000          -2.051e+01     
  40.000          90.000            3.621e+00           3.621e+00               0.000           3.621e+00               0.000          -2.095e+01     
  41.000          90.000            3.394e+00           3.394e+00               0.000           3.394e+00               0.000          -2.140e+01     
  42.000          90.000            3.161e+00           3.161e+00               0.000           3.161e+00               0.000          -2.187e+01     
  43.000          90.000            2.920e+00           2.920e+00               0.000           2.920e+00               0.000          -2.235e+01     
  44.000          90.000            2.674e+00           2.674e+00               0.000           2.674e+00               0.000          -2.284e+01     
  45.000          90.000            2.422e+00           2.422e+00               0.000           2.422e+00               0.000          -2.334e+01     
  46.000          90.000            2.166e+00           2.166e+00               0.000           2.166e+00               0.000          -2.386e+01     
  47.000          90.000            1.905e+00           1.905e+00               0.000           1.905e+00               0.000          -2.438e+01     
  48.000          90.000            1.641e+00           1.641e+00               0.000           1.641e+00               0.000          -2.491e+01     
  49.000          90.000            1.375e+00           1.375e+00               0.000           1.375e+00               0.000          -2.544e+01     
  50.000          90.000            1.106e+00           1.106e+00               0.000           1.106e+00               0.000          -2.598e+01     
  51.000          90.000            8.363e-01           8.363e-01               0.000           8.363e-01               0.000          -2.652e+01     
  52.000          90.000            5.661e-01           5.661e-01               0.000           5.661e-01               0.000          -2.706e+01     
  53.000          90.000            2.963e-01           2.963e-01               0.000           2.963e-01               0.000          -2.760e+01     
  54.000          90.000            2.753e-02           2.753e-02               0.000           2.753e-02               0.000          -2.813e+01     
  55.000          90.000           -2.394e-01          -2.394e-01               0.000          -2.394e-01               0.000          -2.867e+01     
  56.000          90.000           -5.038e-01          -5.038e-01               0.000          -5.038e-01               0.000          -2.920e+01     
  57.000          90.000           -7.650e-01          -7.650e-01               0.000          -7.650e-01               0.000          -2.972e+01     
  58.000          90.000           -1.022e+00          -1.022e+00               0.000          -1.022e+00               0.000          -3.023e+01     
  59.000          90.000           -1.276e+00          -1.276e+00               0.000          -1.276e+00               0.000          -3.074e+01     
  60.000          90.000           -1.524e+00          -1.524e+00               0.000          -1.524e+00               0.000          -3.124e+01     
  61.000          90.000           -1.768e+00          -1.768e+00               0.000          -1.768e+00               0.000          -3.172e+01     
  62.000          90.000           -2.006e+00          -2.006e+00               0.000          -2.006e+00               0.000          -3.220e+01     
  63.000          90.000           -2.238e+00          -2.238e+00               0.000          -2.238e+00               0.000          -3.267e+01     
  64.000          90.000           -2.465e+00          -2.465e+00               0.000          -2.465e+00               0.000          -3.312e+01     
  65.000          90.000           -2.686e+00          -2.686e+00               0.000          -2.686e+00               0.000          -3.356e+01     
  66.000          90.000           -2.901e+00          -2.901e+00               0.000          -2.901e+00               0.000          -3.399e+01     
  67.000          90.000           -3.111e+00          -3.111e+00               0.000          -3.111e+00               0.000          -3.441e+01     
  68.000          90.000           -3.316e+00          -3.316e+00               0.000          -3.316e+00               0.000          -3.482e+01     
  69.000          90.000           -3.515e+00          -3.515e+00               0.000          -3.515e+00               0.000          -3.522e+01     
  70.000          90.000           -3.710e+00          -3.710e+00               0.000          -3.710e+00               0.000          -3.561e+01     
  71.000          90.000           -3.900e+00          -3.900e+00               0.000          -3.900e+00               0.000          -3.599e+01     
  72.000          90.000           -4.087e+00          -4.087e+00               0.000          -4.087e+00               0.000          -3.636e+01     
  73.000          90.000           -4.269e+00          -4.269e+00               0.000          -4.269e+00               0.000          -3.673e+01     
  74.000          90.000           -4.449e+00          -4.449e+00               0.000          -4.449e+00               0.000          -3.709e+01     
  75.000          90.000           -4.626e+00          -4.626e+00               0.000          -4.626e+00               0.000          -3.744e+01     
  76.000          90.000           -4.800e+00          -4.800e+00               0.000          -4.800e+00               0.000          -3.779e+01     
  77.000          90.000           -4.972e+00          -4.972e+00               0.000          -4.972e+00               0.000          -3.813e+01     
  78.000          90.000           -5.143e+00          -5.143e+00               0.000          -5.143e+00               0.000          -3.847e+01     
  79.000          90.000           -5.312e+00          -5.312e+00               0.000          -5.312e+00               0.000          -3.881e+01     
  80.000          90.000           -5.481e+00          -5.481e+00               0.000          -5.481e+00               0.000          -3.915e+01     
  81.000          90.000           -5.648e+00          -5.648e+00               0.000          -5.648e+00               0.000          -3.949e+01     
  82.000          90.000           -5.815e+00          -5.815e+00               0.000          -5.815e+00               0.000          -3.982e+01     
  83.000          90.000           -5.982e+00          -5.982e+00               0.000          -5.982e+00               0.000          -4.015e+01     
  84.000          90.000           -6.149e+00          -6.149e+00               0.000          -6.149e+00               0.000          -4.049e+01     
  85.000          90.000           -6.315e+00          -6.315e+00               0.000          -6.315e+00               0.000          -4.082e+01     
  86.000          90.000           -6.481e+00          -6.481e+00               0.000          -6.481e+00               0.000          -4.115e+01     
  87.000          90.000           -6.647e+00          -6.647e+00               0.000          -6.647e+00               0.000          -4.148e+01     
  88.000          90.000           -6.813e+00          -6.813e+00               0.000          -6.813e+00               0.000          -4.181e+01     
  89.000          90.000           -6.978e+00          -6.978e+00               0.000          -6.978e+00               0.000          -4.214e+01     
  90.000          90.000           -7.142e+00          -7.142e+00               0.000          -7.142e+00               0.000          -4.247e+01     
  91.000          90.000           -7.306e+00          -7.306e+00               0.000          -7.306e+00               0.000          -4.280e+01     
  92.000          90.000           -7.468e+00          -7.468e+00               0.000          -7.468e+00               0.000          -4.312e+01     
  93.000          90.000           -7.628e+00          -7.628e+00               0.000          -7.628e+00               0.000          -4.344e+01     
  94.000          90.000           -7.785e+00          -7.785e+00               0.000          -7.785e+00               0.000          -4.376e+01     
  95.000          90.000           -7.940e+00          -7.940e+00               0.000          -7.940e+00               0.000          -4.407e+01     
  96.000          90.000           -8.091e+00          -8.091e+00               0.000          -8.091e+00               0.000          -4.437e+01     
  97.000          90.000           -8.237e+00          -8.237e+00               0.000          -8.237e+00               0.000          -4.466e+01     
  98.000          90.000           -8.377e+00          -8.377e+00               0.000          -8.377e+00               0.000          -4.494e+01     
  99.000          90.000           -8.512e+00          -8.512e+00               0.000          -8.512e+00               0.000          -4.521e+01     
 100.000          90.000           -8.638e+00          -8.638e+00               0.000          -8.638e+00               0.000          -4.547e+01     
 101.000          90.000           -8.757e+00          -8.757e+00               0.000          -8.757e+00               0.000          -4.570e+01     
 102.000          90.000           -8.866e+00          -8.866e+00               0.000          -8.866e+00               0.000          -4.592e+01     
 103.000          90.000           -8.965e+00          -8.965e+00               0.000          -8.965e+00               0.000          -4.612e+01     
 104.000          90.000           -9.052e+00          -9.052e+00               0.000          -9.052e+00               0.000          -4.629e+01     
 105.000          90.000           -9.127e+00          -9.127e+00               0.000          -9.127e+00               0.000          -4.644e+01     
 106.000          90.000           -9.190e+00          -9.190e+00               0.000          -9.190e+00               0.000          -4.657e+01     
 107.000          90.000           -9.238e+00          -9.238e+00               0.000          -9.238e+00               0.000          -4.667e+01     
 108.000          90.000           -9.273e+00          -9.273e+00               0.000          -9.273e+00               0.000          -4.674e+01     
 109.000          90.000           -9.294e+00          -9.294e+00               0.000          -9.294e+00               0.000          -4.678e+01     
 110.000          90.000           -9.301e+00          -9.301e+00               0.000          -9.301e+00               0.000          -4.679e+01     
 111.000          90.000           -9.294e+00          -9.294e+00               0.000          -9.294e+00               0.000          -4.678e+01     
 112.000          90.000           -9.274e+00          -9.274e+00               0.000          -9.274e+00               0.000          -4.674e+01     
 113.000          90.000           -9.241e+00          -9.241e+00               0.000          -9.241e+00               0.000          -4.667e+01     
 114.000          90.000           -9.198e+00          -9.198e+00               0.000          -9.198e+00               0.000          -4.658e+01     
 115.000          90.000           -9.144e+00          -9.144e+00               0.000          -9.144e+00               0.000          -4.648e+01     
 116.000          90.000           -9.082e+00          -9.082e+00               0.000          -9.082e+00               0.000          -4.635e+01     
 117.000          90.000           -9.013e+00          -9.013e+00               0.000          -9.013e+00               0.000          -4.621e+01     
 118.000          90.000           -8.938e+00          -8.938e+00               0.000          -8.938e+00               0.000          -4.607e+01     
 119.000          90.000           -8.860e+00          -8.860e+00               0.000          -8.860e+00               0.000          -4.591e+01     
 120.000          90.000           -8.780e+00          -8.780e+00               0.000          -8.780e+00               0.000          -4.575e+01     
 121.000          90.000           -8.701e+00          -8.701e+00               0.000          -8.701e+00               0.000          -4.559e+01     
 122.000          90.000           -8.623e+00          -8.623e+00               0.000          -8.623e+00               0.000          -4.543e+01     
 123.000          90.000           -8.549e+00          -8.549e+00               0.000          -8.549e+00               0.000          -4.529e+01     
 124.000          90.000           -8.480e+00          -8.480e+00               0.000          -8.480e+00               0.000          -4.515e+01     
 125.000          90.000           -8.419e+00          -8.419e+00               0.000          -8.419e+00               0.000          -4.503e+01     
 126.000          90.000           -8.367e+00          -8.367e+00               0.000          -8.367e+00               0.000          -4.492e+01     
 127.000          90.000           -8.325e+00          -8.325e+00               0.000          -8.325e+00               0.000          -4.484e+01     
 128.000          90.000           -8.295e+00          -8.295e+00               0.000          -8.295e+00               0.000          -4.478e+01     
 129.000          90.000           -8.280e+00          -8.280e+00               0.000          -8.280e+00               0.000          -4.475e+01     
 130.000          90.000           -8.280e+00          -8.280e+00               0.000          -8.280e+00               0.000          -4.475e+01     
 131.000          90.000           -8.297e+00          -8.297e+00               0.000          -8.297e+00               0.000          -4.478e+01     
 132.000          90.000           -8.333e+00          -8.333e+00               0.000          -8.333e+00               0.000          -4.486e+01     
 133.000          90.000           -8.390e+00          -8.390e+00               0.000          -8.390e+00               0.000          -4.497e+01     
 134.000          90.000           -8.470e+00          -8.470e+00               0.000          -8.470e+00               0.000          -4.513e+01     
 135.000          90.000           -8.573e+00          -8.573e+00               0.000          -8.573e+00               0.000          -4.534e+01     
 136.000          90.000           -8.703e+00          -8.703e+00               0.000          -8.703e+00               0.000          -4.560e+01     
 137.000          90.000           -8.862e+00          -8.862e+00               0.000          -8.862e+00               0.000          -4.591e+01     
 138.000          90.000           -9.052e+00          -9.052e+00               0.000          -9.052e+00               0.000          -4.629e+01     
 139.000          90.000           -9.276e+00          -9.276e+00               0.000          -9.276e+00               0.000          -4.674e+01     
 140.000          90.000           -9.536e+00          -9.536e+00               0.000          -9.536e+00               0.000          -4.726e+01     
 141.000          90.000           -9.837e+00          -9.837e+00               0.000          -9.837e+00               0.000          -4.786e+01     
 142.000          90.000           -1.018e+01          -1.018e+01               0.000          -1.018e+01               0.000          -4.855e+01     
 143.000          90.000           -1.058e+01          -1.058e+01               0.000          -1.058e+01               0.000          -4.934e+01     
 144.000          90.000           -1.102e+01          -1.102e+01               0.000          -1.102e+01               0.000          -5.024e+01     
 145.000          90.000           -1.153e+01          -1.153e+01               0.000          -1.153e+01               0.000          -5.125e+01     
 146.000          90.000           -1.211e+01          -1.211e+01               0.000          -1.211e+01               0.000          -5.240e+01     
 147.000          90.000           -1.276e+01          -1.276e+01               0.000          -1.276e+01               0.000          -5.370e+01     
 148.000          90.000           -1.349e+01          -1.349e+01               0.000          -1.349e+01               0.000          -5.517e+01     
 149.000          90.000           -1.433e+01          -1.433e+01               0.000          -1.433e+01               0.000          -5.684e+01     
 150.000          90.000           -1.527e+01          -1.527e+01               0.000          -1.527e+01               0.000          -5.872e+01     
 151.000          90.000           -1.632e+01          -1.632e+01               0.000          -1.632e+01               0.000          -6.084e+01     
 152.000          90.000           -1.750e+01          -1.750e+01               0.000          -1.750e+01               0.000          -6.318e+01     
 153.000          90.000           -1.875e+01          -1.875e+01               0.000          -1.875e+01               0.000          -6.570e+01     
 154.000          90.000           -2.000e+01          -2.000e+01               0.000          -2.000e+01               0.000          -6.818e+01     
 155.000          90.000           -2.100e+01          -2.100e+01               0.000          -2.100e+01               0.000          -7.019e+01     
 156.000          90.000           -2.142e+01          -2.142e+01               0.000          -2.142e+01               0.000          -7.103e+01     
 157.000          90.000           -2.106e+01          -2.106e+01               0.000          -2.106e+01               0.000          -7.030e+01     
 158.000          90.000           -2.006e+01          -2.006e+01               0.000          -2.006e+01               0.000          -6.831e+01     
 159.000          90.000           -1.877e+01          -1.877e+01               0.000          -1.877e+01               0.000          -6.573e+01     
 160.000          90.000           -1.745e+01          -1.745e+01               0.000          -1.745e+01               0.000          -6.308e+01     
 161.000          90.000           -1.620e+01          -1.620e+01               0.000          -1.620e+01               0.000          -6.059e+01     
 162.000          90.000           -1.507e+01          -1.507e+01               0.000          -1.507e+01               0.000          -5.833e+01     
 163.000          90.000           -1.406e+01          -1.406e+01               0.000          -1.406e+01               0.000          -5.631e+01     
 164.000          90.000           -1.317e+01          -1.317e+01               0.000          -1.317e+01               0.000          -5.452e+01     
 165.000          90.000           -1.238e+01          -1.238e+01               0.000          -1.238e+01               0.000          -5.294e+01     
 166.000          90.000           -1.168e+01          -1.168e+01               0.000          -1.168e+01               0.000          -5.155e+01     
 167.000          90.000           -1.107e+01          -1.107e+01               0.000          -1.107e+01               0.000          -5.032e+01     
 168.000          90.000           -1.053e+01          -1.053e+01               0.000          -1.053e+01               0.000          -4.925e+01     
 169.000          90.000           -1.006e+01          -1.006e+01               0.000          -1.006e+01               0.000          -4.832e+01     
 170.000          90.000           -9.664e+00          -9.664e+00               0.000          -9.664e+00               0.000          -4.752e+01     
 171.000          90.000           -9.324e+00          -9.324e+00               0.000          -9.324e+00               0.000          -4.684e+01     
 172.000          90.000           -9.040e+00          -9.040e+00               0.000          -9.040e+00               0.000          -4.627e+01     
 173.000          90.000           -8.812e+00          -8.812e+00               0.000          -8.812e+00               0.000          -4.581e+01     
 174.000          90.000           -8.635e+00          -8.635e+00               0.000          -8.635e+00               0.000          -4.546e+01     
 175.000          90.000           -8.509e+00          -8.509e+00               0.000          -8.509e+00               0.000          -4.521e+01     
 176.000          90.000           -8.433e+00          -8.433e+00               0.000          -8.433e+00               0.000          -4.505e+01     
 177.000          90.000           -8.405e+00          -8.405e+00               0.000          -8.405e+00               0.000          -4.500e+01     
 178.000          90.000           -8.426e+00          -8.426e+00               0.000          -8.426e+00               0.000          -4.504e+01     
 179.000          90.000           -8.496e+00          -8.496e+00               0.000          -8.496e+00               0.000          -4.518e+01     
 180.000          90.000           -8.616e+00          -8.616e+00               0.000          -8.616e+00               0.000          -4.542e+01     
 181.000          90.000           -8.785e+00          -8.785e+00               0.000          -8.785e+00               0.000          -4.576e+01     
 182.000          90.000           -9.007e+00          -9.007e+00               0.000          -9.007e+00               0.000          -4.620e+01     
 183.000          90.000           -9.283e+00          -9.283e+00               0.000          -9.283e+00               0.000          -4.675e+01     
 184.000          90.000           -9.615e+00          -9.615e+00               0.000          -9.615e+00               0.000          -4.742e+01     
 185.000          90.000           -1.001e+01          -1.001e+01               0.000          -1.001e+01               0.000          -4.820e+01     
 186.000          90.000           -1.046e+01          -1.046e+01               0.000          -1.046e+01               0.000          -4.912e+01     
 187.000          90.000           -1.099e+01          -1.099e+01               0.000          -1.099e+01               0.000          -5.017e+01     
 188.000          90.000           -1.159e+01          -1.159e+01               0.000          -1.159e+01               0.000          -5.137e+01     
 189.000          90.000           -1.228e+01          -1.228e+01               0.000          -1.228e+01               0.000          -5.274e+01     
 190.000          90.000           -1.305e+01          -1.305e+01               0.000          -1.305e+01               0.000          -5.430e+01     
 191.000          90.000           -1.394e+01          -1.394e+01               0.000          -1.394e+01               0.000          -5.607e+01     
 192.000          90.000           -1.494e+01          -1.494e+01               0.000          -1.494e+01               0.000          -5.807e+01     
 193.000          90.000           -1.608e+01          -1.608e+01               0.000          -1.608e+01               0.000          -6.034e+01     
 194.000          90.000           -1.736e+01          -1.736e+01               0.000          -1.736e+01               0.000          -6.291e+01     
 195.000          90.000           -1.880e+01          -1.880e+01               0.000          -1.880e+01               0.000          -6.579e+01     
 196.000          90.000           -2.035e+01          -2.035e+01               0.000          -2.035e+01               0.000          -6.889e+01     
 197.000          90.000           -2.188e+01          -2.188e+01               0.000          -2.188e+01               0.000          -7.194e+01     
 198.000          90.000           -2.303e+01          -2.303e+01               0.000          -2.303e+01               0.000          -7.425e+01     
 199.000          90.000           -2.335e+01          -2.335e+01               0.000          -2.335e+01               0.000          -7.488e+01     
 200.000          90.000           -2.270e+01          -2.270e+01               0.000          -2.270e+01               0.000          -7.359e+01     
 201.000          90.000           -2.149e+01          -2.149e+01               0.000          -2.149e+01               0.000          -7.116e+01     
 202.000          90.000           -2.013e+01          -2.013e+01               0.000          -2.013e+01               0.000          -6.845e+01     
 203.000          90.000           -1.885e+01          -1.885e+01               0.000          -1.885e+01               0.000          -6.589e+01     
 204.000          90.000           -1.772e+01          -1.772e+01               0.000          -1.772e+01               0.000          -6.362e+01     
 205.000          90.000           -1.674e+01          -1.674e+01               0.000          -1.674e+01               0.000          -6.166e+01     
 206.000          90.000           -1.589e+01          -1.589e+01               0.000          -1.589e+01               0.000          -5.998e+01     
 207.000          90.000           -1.518e+01          -1.518e+01               0.000          -1.518e+01               0.000          -5.854e+01     
 208.000          90.000           -1.457e+01          -1.457e+01               0.000          -1.457e+01               0.000          -5.734e+01     
 209.000          90.000           -1.407e+01          -1.407e+01               0.000          -1.407e+01               0.000          -5.632e+01     
 210.000          90.000           -1.365e+01          -1.365e+01               0.000          -1.365e+01               0.000          -5.549e+01     
 211.000          90.000           -1.331e+01          -1.331e+01               0.000          -1.331e+01               0.000          -5.482e+01     
 212.000          90.000           -1.305e+01          -1.305e+01               0.000          -1.305e+01               0.000          -5.429e+01     
 213.000          90.000           -1.285e+01          -1.285e+01               0.000          -1.285e+01               0.000          -5.390e+01     
 214.000          90.000           -1.272e+01          -1.272e+01               0.000          -1.272e+01               0.000          -5.363e+01     
 215.000          90.000           -1.265e+01          -1.265e+01               0.000          -1.265e+01               0.000          -5.349e+01     
 216.000          90.000           -1.264e+01          -1.264e+01               0.000          -1.264e+01               0.000          -5.346e+01     
 217.000          90.000           -1.268e+01          -1.268e+01               0.000          -1.268e+01               0.000          -5.355e+01     
 218.000          90.000           -1.278e+01          -1.278e+01               0.000          -1.278e+01               0.000          -5.375e+01     
 219.000          90.000           -1.293e+01          -1.293e+01               0.000          -1.293e+01               0.000          -5.405e+01     
 220.000          90.000           -1.314e+01          -1.314e+01               0.000          -1.314e+01               0.000          -5.447e+01     
 221.000          90.000           -1.340e+01          -1.340e+01               0.000          -1.340e+01               0.000          -5.499e+01     
 222.000          90.000           -1.372e+01          -1.372e+01               0.000          -1.372e+01               0.000          -5.563e+01     
 223.000          90.000           -1.409e+01          -1.409e+01               0.000          -1.409e+01               0.000          -5.638e+01     
 224.000          90.000           -1.453e+01          -1.453e+01               0.000          -1.453e+01               0.000          -5.724e+01     
 225.000          90.000           -1.502e+01          -1.502e+01               0.000          -1.502e+01               0.000          -5.822e+01     
 226.000          90.000           -1.557e+01          -1.557e+01               0.000          -1.557e+01               0.000          -5.933e+01     
 227.000          90.000           -1.618e+01          -1.618e+01               0.000          -1.618e+01               0.000          -6.054e+01     
 228.000          90.000           -1.684e+01          -1.684e+01               0.000          -1.684e+01               0.000          -6.187e+01     
 229.000          90.000           -1.754e+01          -1.754e+01               0.000          -1.754e+01               0.000          -6.327e+01     
 230.000          90.000           -1.827e+01          -1.827e+01               0.000          -1.827e+01               0.000          -6.472e+01     
 231.000          90.000           -1.897e+01          -1.897e+01               0.000          -1.897e+01               0.000          -6.613e+01     
 232.000          90.000           -1.960e+01          -1.960e+01               0.000          -1.960e+01               0.000          -6.739e+01     
 233.000          90.000           -2.007e+01          -2.007e+01               0.000          -2.007e+01               0.000          -6.833e+01     
 234.000          90.000           -2.030e+01          -2.030e+01               0.000          -2.030e+01               0.000          -6.878e+01     
 235.000          90.000           -2.022e+01          -2.022e+01               0.000          -2.022e+01               0.000          -6.863e+01     
 236.000          90.000           -1.984e+01          -1.984e+01               0.000          -1.984e+01               0.000          -6.788e+01     
 237.000          90.000           -1.923e+01          -1.923e+01               0.000          -1.923e+01               0.000          -6.666e+01     
 238.000          90.000           -1.848e+01          -1.848e+01               0.000          -1.848e+01               0.000          -6.514e+01     
 239.000          90.000           -1.765e+01          -1.765e+01               0.000          -1.765e+01               0.000          -6.348e+01     
 240.000          90.000           -1.680e+01          -1.680e+01               0.000          -1.680e+01               0.000          -6.179e+01     
 241.000          90.000           -1.597e+01          -1.597e+01               0.000          -1.597e+01               0.000          -6.014e+01     
 242.000          90.000           -1.518e+01          -1.518e+01               0.000          -1.518e+01               0.000          -5.855e+01     
 243.000          90.000           -1.443e+01          -1.443e+01               0.000          -1.443e+01               0.000          -5.705e+01     
 244.000          90.000           -1.372e+01          -1.372e+01               0.000          -1.372e+01               0.000          -5.564e+01     
 245.000          90.000           -1.306e+01          -1.306e+01               0.000          -1.306e+01               0.000          -5.432e+01     
 246.000          90.000           -1.245e+01          -1.245e+01               0.000          -1.245e+01               0.000          -5.308e+01     
 247.000          90.000           -1.187e+01          -1.187e+01               0.000          -1.187e+01               0.000          -5.193e+01     
 248.000          90.000           -1.133e+01          -1.133e+01               0.000          -1.133e+01               0.000          -5.084e+01     
 249.000          90.000           -1.082e+01          -1.082e+01               0.000          -1.082e+01               0.000          -4.983e+01     
 250.000          90.000           -1.034e+01          -1.034e+01               0.000          -1.034e+01               0.000          -4.887e+01     
 251.000          90.000           -9.890e+00          -9.890e+00               0.000          -9.890e+00               0.000          -4.797e+01     
 252.000          90.000           -9.465e+00          -9.465e+00               0.000          -9.465e+00               0.000          -4.712e+01     
 253.000          90.000           -9.061e+00          -9.061e+00               0.000          -9.061e+00               0.000          -4.631e+01     
 254.000          90.000           -8.679e+00          -8.679e+00               0.000          -8.679e+00               0.000          -4.555e+01     
 255.000          90.000           -8.314e+00          -8.314e+00               0.000          -8.314e+00               0.000          -4.482e+01     
 256.000          90.000           -7.965e+00          -7.965e+00               0.000          -7.965e+00               0.000          -4.412e+01     
 257.000          90.000           -7.632e+00          -7.632e+00               0.000          -7.632e+00               0.000          -4.345e+01     
 258.000          90.000           -7.311e+00          -7.311e+00               0.000          -7.311e+00               0.000          -4.281e+01     
 259.000          90.000           -7.002e+00          -7.002e+00               0.000          -7.002e+00               0.000          -4.219e+01     
 260.000          90.000           -6.704e+00          -6.704e+00               0.000          -6.704e+00               0.000          -4.160e+01     
 261.000          90.000           -6.415e+00          -6.415e+00               0.000          -6.415e+00               0.000          -4.102e+01     
 262.000          90.000           -6.133e+00          -6.133e+00               0.000          -6.133e+00               0.000          -4.046e+01     
 263.000          90.000           -5.859e+00          -5.859e+00               0.000          -5.859e+00               0.000          -3.991e+01     
 264.000          90.000           -5.591e+00          -5.591e+00               0.000          -5.591e+00               0.000          -3.937e+01     
 265.000          90.000           -5.329e+00          -5.329e+00               0.000          -5.329e+00               0.000          -3.885e+01     
 266.000          90.000           -5.070e+00          -5.070e+00               0.000          -5.070e+00               0.000          -3.833e+01     
 267.000          90.000           -4.816e+00          -4.816e+00               0.000          -4.816e+00               0.000          -3.782e+01     
 268.000          90.000           -4.565e+00          -4.565e+00               0.000          -4.565e+00               0.000          -3.732e+01     
 269.000          90.000           -4.316e+00          -4.316e+00               0.000          -4.316e+00               0.000          -3.682e+01     
 270.000          90.000           -4.070e+00          -4.070e+00               0.000          -4.070e+00               0.000          -3.633e+01     
 271.000          90.000           -3.825e+00          -3.825e+00               0.000          -3.825e+00               0.000          -3.584e+01     
 272.000          90.000           -3.581e+00          -3.581e+00               0.000          -3.581e+00               0.000          -3.535e+01     
 273.000          90.000           -3.338e+00          -3.338e+00               0.000          -3.338e+00               0.000          -3.487e+01     
 274.000          90.000           -3.096e+00          -3.096e+00               0.000          -3.096e+00               0.000          -3.438e+01     
 275.000          90.000           -2.854e+00          -2.854e+00               0.000          -2.854e+00               0.000          -3.390e+01     
 276.000          90.000           -2.612e+00          -2.612e+00               0.000          -2.612e+00               0.000          -3.341e+01     
 277.000          90.000           -2.370e+00          -2.370e+00               0.000          -2.370e+00               0.000          -3.293e+01     
 278.000          90.000           -2.127e+00          -2.127e+00               0.000          -2.127e+00               0.000          -3.244e+01     
 279.000          90.000           -1.884e+00          -1.884e+00               0.000          -1.884e+00               0.000          -3.196e+01     
 280.000          90.000           -1.640e+00          -1.640e+00               0.000          -1.640e+00               0.000          -3.147e+01     
 281.000          90.000           -1.396e+00          -1.396e+00               0.000          -1.396e+00               0.000          -3.098e+01     
 282.000          90.000           -1.151e+00          -1.151e+00               0.000          -1.151e+00               0.000          -3.049e+01     
 283.000          90.000           -9.057e-01          -9.057e-01               0.000          -9.057e-01               0.000          -3.000e+01     
 284.000          90.000           -6.598e-01          -6.598e-01               0.000          -6.598e-01               0.000          -2.951e+01     
 285.000          90.000           -4.134e-01          -4.134e-01               0.000          -4.134e-01               0.000          -2.902e+01     
 286.000          90.000           -1.666e-01          -1.666e-01               0.000          -1.666e-01               0.000          -2.852e+01     
 287.000          90.000            8.051e-02           8.051e-02               0.000           8.051e-02               0.000          -2.803e+01     
 288.000          90.000            3.277e-01           3.277e-01               0.000           3.277e-01               0.000          -2.753e+01     
 289.000          90.000            5.750e-01           5.750e-01               0.000           5.750e-01               0.000          -2.704e+01     
 290.000          90.000            8.221e-01           8.221e-01               0.000           8.221e-01               0.000          -2.654e+01     
 291.000          90.000            1.069e+00           1.069e+00               0.000           1.069e+00               0.000          -2.605e+01     
 292.000          90.000            1.315e+00           1.315e+00               0.000           1.315e+00               0.000          -2.556e+01     
 293.000          90.000            1.561e+00           1.561e+00               0.000           1.561e+00               0.000          -2.507e+01     
 294.000          90.000            1.806e+00           1.806e+00               0.000           1.806e+00               0.000          -2.458e+01     
 295.000          90.000            2.049e+00           2.049e+00               0.000           2.049e+00               0.000          -2.409e+01     
 296.000          90.000            2.292e+00           2.292e+00               0.000           2.292e+00               0.000          -2.361e+01     
 297.000          90.000            2.532e+00           2.532e+00               0.000           2.532e+00               0.000          -2.312e+01     
 298.000          90.000            2.771e+00           2.771e+00               0.000           2.771e+00               0.000          -2.265e+01     
 299.000          90.000            3.008e+00           3.008e+00               0.000           3.008e+00               0.000          -2.217e+01     
 300.000          90.000            3.243e+00           3.243e+00               0.000           3.243e+00               0.000          -2.170e+01     
 301.000          90.000            3.475e+00           3.475e+00               0.000           3.475e+00               0.000          -2.124e+01     
 302.000          90.000            3.705e+00           3.705e+00               0.000           3.705e+00               0.000          -2.078e+01     
 303.000          90.000            3.932e+00           3.932e+00               0.000           3.932e+00               0.000          -2.033e+01     
 304.000          90.000            4.155e+00           4.155e+00               0.000           4.155e+00               0.000          -1.988e+01     
 305.000          90.000            4.375e+00           4.375e+00               0.000           4.375e+00               0.000          -1.944e+01     
 306.000          90.000            4.592e+00           4.592e+00               0.000           4.592e+00               0.000          -1.901e+01     
 307.000          90.000            4.804e+00           4.804e+00               0.000           4.804e+00               0.000          -1.858e+01     
 308.000          90.000            5.012e+00           5.012e+00               0.000           5.012e+00               0.000          -1.816e+01     
 309.000          90.000            5.216e+00           5.216e+00               0.000           5.216e+00               0.000          -1.776e+01     
 310.000          90.000            5.415e+00           5.415e+00               0.000           5.415e+00               0.000          -1.736e+01     
 311.000          90.000            5.610e+00           5.610e+00               0.000           5.610e+00               0.000          -1.697e+01     
 312.000          90.000            5.799e+00           5.799e+00               0.000           5.799e+00               0.000          -1.659e+01     
 313.000          90.000            5.983e+00           5.983e+00               0.000           5.983e+00               0.000          -1.622e+01     
 314.000          90.000            6.162e+00           6.162e+00               0.000           6.162e+00               0.000          -1.587e+01     
 315.000          90.000            6.334e+00           6.334e+00               0.000           6.334e+00               0.000          -1.552e+01     
 316.000          90.000            6.501e+00           6.501e+00               0.000           6.501e+00               0.000          -1.519e+01     
 317.000          90.000            6.661e+00           6.661e+00               0.000           6.661e+00               0.000          -1.487e+01     
 318.000          90.000            6.815e+00           6.815e+00               0.000           6.815e+00               0.000          -1.456e+01     
 319.000          90.000            6.963e+00           6.963e+00               0.000           6.963e+00               0.000          -1.426e+01     
 320.000          90.000            7.103e+00           7.103e+00               0.000           7.103e+00               0.000          -1.398e+01     
 321.000          90.000            7.236e+00           7.236e+00               0.000           7.236e+00               0.000          -1.372e+01     
 322.000          90.000            7.362e+00           7.362e+00               0.000           7.362e+00               0.000          -1.346e+01     
 323.000          90.000            7.481e+00           7.481e+00               0.000           7.481e+00               0.000          -1.323e+01     
 324.000          90.000            7.592e+00           7.592e+00               0.000           7.592e+00               0.000          -1.300e+01     
 325.000          90.000            7.695e+00           7.695e+00               0.000           7.695e+00               0.000          -1.280e+01     
 326.000          90.000            7.791e+00           7.791e+00               0.000           7.791e+00               0.000          -1.261e+01     
 327.000          90.000            7.878e+00           7.878e+00               0.000           7.878e+00               0.000          -1.243e+01     
 328.000          90.000            7.957e+00           7.957e+00               0.000           7.957e+00               0.000          -1.228e+01     
 329.000          90.000            8.027e+00           8.027e+00               0.000           8.027e+00               0.000          -1.213e+01     
 330.000          90.000            8.089e+00           8.089e+00               0.000           8.089e+00               0.000          -1.201e+01     
 331.000          90.000            8.142e+00           8.142e+00               0.000           8.142e+00               0.000          -1.190e+01     
 332.000          90.000            8.187e+00           8.187e+00               0.000           8.187e+00               0.000          -1.182e+01     
 333.000          90.000            8.222e+00           8.222e+00               0.000           8.222e+00               0.000          -1.174e+01     
 334.000          90.000            8.249e+00           8.249e+00               0.000           8.249e+00               0.000          -1.169e+01     
 335.000          90.000            8.267e+00           8.267e+00               0.000           8.267e+00               0.000          -1.165e+01     
 336.000          90.000            8.276e+00           8.276e+00               0.000           8.276e+00               0.000          -1.164e+01     
 337.000          90.000            8.277e+00           8.277e+00               0.000           8.277e+00               0.000          -1.164e+01     
 338.000          90.000            8.268e+00           8.268e+00               0.000           8.268e+00               0.000          -1.165e+01     
 339.000          90.000            8.251e+00           8.251e+00               0.000           8.251e+00               0.000          -1.169e+01     
 340.000          90.000            8.225e+00           8.225e+00               0.000           8.225e+00               0.000          -1.174e+01     
 341.000          90.000            8.192e+00           8.192e+00               0.000           8.192e+00               0.000          -1.181e+01     
 342.000          90.000            8.150e+00           8.150e+00               0.000           8.150e+00               0.000          -1.189e+01     
 343.000          90.000            8.100e+00           8.100e+00               0.000           8.100e+00               0.000          -1.199e+01     
 344.000          90.000            8.043e+00           8.043e+00               0.000           8.043e+00               0.000          -1.210e+01     
 345.000          90.000            7.980e+00           7.980e+00               0.000           7.980e+00               0.000          -1.223e+01     
 346.000          90.000            7.910e+00           7.910e+00               0.000           7.910e+00               0.000          -1.237e+01     
 347.000          90.000            7.834e+00           7.834e+00               0.000           7.834e+00               0.000          -1.252e+01     
 348.000          90.000            7.753e+00           7.753e+00               0.000           7.753e+00               0.000          -1.268e+01     
 349.000          90.000            7.667e+00           7.667e+00               0.000           7.667e+00               0.000          -1.285e+01     
 350.000          90.000            7.578e+00           7.578e+00               0.000           7.578e+00               0.000          -1.303e+01     
 351.000          90.000            7.486e+00           7.486e+00               0.000           7.486e+00               0.000          -1.322e+01     
 352.000          90.000            7.393e+00           7.393e+00               0.000           7.393e+00               0.000          -1.340e+01     
 353.000          90.000            7.299e+00           7.299e+00               0.000           7.299e+00               0.000          -1.359e+01     
 354.000          90.000            7.205e+00           7.205e+00               0.000           7.205e+00               0.000          -1.378e+01     
 355.000          90.000            7.112e+00           7.112e+00               0.000           7.112e+00               0.000          -1.397e+01     
 356.000          90.000            7.021e+00           7.021e+00               0.000           7.021e+00               0.000          -1.415e+01     
 357.000          90.000            6.934e+00           6.934e+00               0.000           6.934e+00               0.000          -1.432e+01     
 358.000          90.000            6.852e+00           6.852e+00               0.000           6.852e+00               0.000          -1.449e+01     
 359.000          90.000            6.774e+00           6.774e+00               0.000           6.774e+00               0.000          -1.464e+01     
