Theta [deg.]  Phi   [deg.]  Abs(Dir.)[dBi   ]   Abs(???  )[dBi   ]  Phase(???  )[deg.]  Abs(???  )[dBi   ]  Phase(???  )[deg.]  Ax.Ratio[dB    ]    
------------------------------------------------------------------------------------------------------------------------------------------------------
   0.000          90.000            1.021e+01           1.021e+01               0.000           1.021e+01               0.000          -8.504e+00     
   1.000          90.000            1.020e+01           1.020e+01               0.000           1.020e+01               0.000          -8.531e+00     
   2.000          90.000            1.017e+01           1.017e+01               0.000           1.017e+01               0.000          -8.575e+00     
   3.000          90.000            1.014e+01           1.014e+01               0.000           1.014e+01               0.000          -8.636e+00     
   4.000          90.000            1.010e+01           1.010e+01               0.000           1.010e+01               0.000          -8.715e+00     
   5.000          90.000            1.005e+01           1.005e+01               0.000           1.005e+01               0.000          -8.813e+00     
   6.000          90.000            9.997e+00           9.997e+00               0.000           9.997e+00               0.000          -8.929e+00     
   7.000          90.000            9.930e+00           9.930e+00               0.000           9.930e+00               0.000          -9.063e+00     
   8.000          90.000            9.853e+00           9.853e+00               0.000           9.853e+00               0.000          -9.216e+00     
   9.000          90.000            9.767e+00           9.767e+00               0.000           9.767e+00               0.000          -9.389e+00     
  10.000          90.000            9.671e+00           9.671e+00               0.000           9.671e+00               0.000          -9.581e+00     
  11.000          90.000            9.565e+00           9.565e+00               0.000           9.565e+00               0.000          -9.792e+00     
  12.000          90.000            9.449e+00           9.449e+00               0.000           9.449e+00               0.000          -1.002e+01     
  13.000          90.000            9.324e+00           9.324e+00               0.000           9.324e+00               0.000          -1.028e+01     
  14.000          90.000            9.188e+00           9.188e+00               0.000           9.188e+00               0.000          -1.055e+01     
  15.000          90.000            9.041e+00           9.041e+00               0.000           9.041e+00               0.000          -1.084e+01     
  16.000          90.000            8.884e+00           8.884e+00               0.000           8.884e+00               0.000          -1.115e+01     
  17.000          90.000            8.717e+00           8.717e+00               0.000           8.717e+00               0.000          -1.149e+01     
  18.000          90.000            8.538e+00           8.538e+00               0.000           8.538e+00               0.000          -1.185e+01     
  19.000          90.000            8.349e+00           8.349e+00               0.000           8.349e+00               0.000          -1.223e+01     
  20.000          90.000            8.148e+00           8.148e+00               0.000           8.148e+00               0.000          -1.263e+01     
  21.000          90.000            7.936e+00           7.936e+00               0.000           7.936e+00               0.000          -1.305e+01     
  22.000          90.000            7.712e+00           7.712e+00               0.000           7.712e+00               0.000          -1.350e+01     
  23.000          90.000            7.476e+00           7.476e+00               0.000           7.476e+00               0.000          -1.397e+01     
  24.000          90.000            7.229e+00           7.229e+00               0.000           7.229e+00               0.000          -1.447e+01     
  25.000          90.000            6.969e+00           6.969e+00               0.000           6.969e+00               0.000          -1.498e+01     
  26.000          90.000            6.696e+00           6.696e+00               0.000           6.696e+00               0.000          -1.553e+01     
  27.000          90.000            6.411e+00           6.411e+00               0.000           6.411e+00               0.000          -1.610e+01     
  28.000          90.000            6.113e+00           6.113e+00               0.000           6.113e+00               0.000          -1.670e+01     
  29.000          90.000            5.801e+00           5.801e+00               0.000           5.801e+00               0.000          -1.732e+01     
  30.000          90.000            5.476e+00           5.476e+00               0.000           5.476e+00               0.000          -1.797e+01     
  31.000          90.000            5.137e+00           5.137e+00               0.000           5.137e+00               0.000          -1.865e+01     
  32.000          90.000            4.783e+00           4.783e+00               0.000           4.783e+00               0.000          -1.936e+01     
  33.000          90.000            4.414e+00           4.414e+00               0.000           4.414e+00               0.000          -2.010e+01     
  34.000          90.000            4.029e+00           4.029e+00               0.000           4.029e+00               0.000          -2.086e+01     
  35.000          90.000            3.629e+00           3.629e+00               0.000           3.629e+00               0.000          -2.166e+01     
  36.000          90.000            3.212e+00           3.212e+00               0.000           3.212e+00               0.000          -2.250e+01     
  37.000          90.000            2.778e+00           2.778e+00               0.000           2.778e+00               0.000          -2.337e+01     
  38.000          90.000            2.326e+00           2.326e+00               0.000           2.326e+00               0.000          -2.427e+01     
  39.000          90.000            1.855e+00           1.855e+00               0.000           1.855e+00               0.000          -2.521e+01     
  40.000          90.000            1.364e+00           1.364e+00               0.000           1.364e+00               0.000          -2.619e+01     
  41.000          90.000            8.530e-01           8.530e-01               0.000           8.530e-01               0.000          -2.722e+01     
  42.000          90.000            3.195e-01           3.195e-01               0.000           3.195e-01               0.000          -2.828e+01     
  43.000          90.000           -2.373e-01          -2.373e-01               0.000          -2.373e-01               0.000          -2.940e+01     
  44.000          90.000           -8.191e-01          -8.191e-01               0.000          -8.191e-01               0.000          -3.056e+01     
  45.000          90.000           -1.428e+00          -1.428e+00               0.000          -1.428e+00               0.000          -3.178e+01     
  46.000          90.000           -2.065e+00          -2.065e+00               0.000          -2.065e+00               0.000          -3.305e+01     
  47.000          90.000           -2.735e+00          -2.735e+00               0.000          -2.735e+00               0.000          -3.439e+01     
  48.000          90.000           -3.438e+00          -3.438e+00               0.000          -3.438e+00               0.000          -3.580e+01     
  49.000          90.000           -4.180e+00          -4.180e+00               0.000          -4.180e+00               0.000          -3.728e+01     
  50.000          90.000           -4.963e+00          -4.963e+00               0.000          -4.963e+00               0.000          -3.885e+01     
  51.000          90.000           -5.795e+00          -5.795e+00               0.000          -5.795e+00               0.000          -4.051e+01     
  52.000          90.000           -6.680e+00          -6.680e+00               0.000          -6.680e+00               0.000          -4.228e+01     
  53.000          90.000           -7.627e+00          -7.627e+00               0.000          -7.627e+00               0.000          -4.418e+01     
  54.000          90.000           -8.647e+00          -8.647e+00               0.000          -8.647e+00               0.000          -4.622e+01     
  55.000          90.000           -9.754e+00          -9.754e+00               0.000          -9.754e+00               0.000          -4.843e+01     
  56.000          90.000           -1.096e+01          -1.096e+01               0.000          -1.096e+01               0.000          -5.085e+01     
  57.000          90.000           -1.231e+01          -1.231e+01               0.000          -1.231e+01               0.000          -5.353e+01     
  58.000          90.000           -1.381e+01          -1.381e+01               0.000          -1.381e+01               0.000          -5.655e+01     
  59.000          90.000           -1.554e+01          -1.554e+01               0.000          -1.554e+01               0.000          -6.001e+01     
  60.000          90.000           -1.758e+01          -1.758e+01               0.000          -1.758e+01               0.000          -6.409e+01     
  61.000          90.000           -2.009e+01          -2.009e+01               0.000          -2.009e+01               0.000          -6.911e+01     
  62.000          90.000           -2.340e+01          -2.340e+01               0.000          -2.340e+01               0.000          -7.572e+01     
  63.000          90.000           -2.834e+01          -2.834e+01               0.000          -2.834e+01               0.000          -8.561e+01     
  64.000          90.000           -3.783e+01          -3.783e+01               0.000          -3.783e+01               0.000          -1.046e+02     
  65.000          90.000           -3.410e+01          -3.410e+01               0.000          -3.410e+01               0.000          -9.713e+01     
  66.000          90.000           -2.726e+01          -2.726e+01               0.000          -2.726e+01               0.000          -8.343e+01     
  67.000          90.000           -2.355e+01          -2.355e+01               0.000          -2.355e+01               0.000          -7.603e+01     
  68.000          90.000           -2.110e+01          -2.110e+01               0.000          -2.110e+01               0.000          -7.112e+01     
  69.000          90.000           -1.929e+01          -1.929e+01               0.000          -1.929e+01               0.000          -6.751e+01     
  70.000          90.000           -1.789e+01          -1.789e+01               0.000          -1.789e+01               0.000          -6.470e+01     
  71.000          90.000           -1.676e+01          -1.676e+01               0.000          -1.676e+01               0.000          -6.245e+01     
  72.000          90.000           -1.583e+01          -1.583e+01               0.000          -1.583e+01               0.000          -6.059e+01     
  73.000          90.000           -1.506e+01          -1.506e+01               0.000          -1.506e+01               0.000          -5.903e+01     
  74.000          90.000           -1.439e+01          -1.439e+01               0.000          -1.439e+01               0.000          -5.771e+01     
  75.000          90.000           -1.383e+01          -1.383e+01               0.000          -1.383e+01               0.000          -5.657e+01     
  76.000          90.000           -1.334e+01          -1.334e+01               0.000          -1.334e+01               0.000          -5.559e+01     
  77.000          90.000           -1.291e+01          -1.291e+01               0.000          -1.291e+01               0.000          -5.474e+01     
  78.000          90.000           -1.254e+01          -1.254e+01               0.000          -1.254e+01               0.000          -5.400e+01     
  79.000          90.000           -1.222e+01          -1.222e+01               0.000          -1.222e+01               0.000          -5.335e+01     
  80.000          90.000           -1.193e+01          -1.193e+01               0.000          -1.193e+01               0.000          -5.279e+01     
  81.000          90.000           -1.168e+01          -1.168e+01               0.000          -1.168e+01               0.000          -5.229e+01     
  82.000          90.000           -1.147e+01          -1.147e+01               0.000          -1.147e+01               0.000          -5.185e+01     
  83.000          90.000           -1.127e+01          -1.127e+01               0.000          -1.127e+01               0.000          -5.147e+01     
  84.000          90.000           -1.111e+01          -1.111e+01               0.000          -1.111e+01               0.000          -5.113e+01     
  85.000          90.000           -1.096e+01          -1.096e+01               0.000          -1.096e+01               0.000          -5.084e+01     
  86.000          90.000           -1.083e+01          -1.083e+01               0.000          -1.083e+01               0.000          -5.058e+01     
  87.000          90.000           -1.071e+01          -1.071e+01               0.000          -1.071e+01               0.000          -5.035e+01     
  88.000          90.000           -1.061e+01          -1.061e+01               0.000          -1.061e+01               0.000          -5.015e+01     
  89.000          90.000           -1.052e+01          -1.052e+01               0.000          -1.052e+01               0.000          -4.997e+01     
  90.000          90.000           -1.044e+01          -1.044e+01               0.000          -1.044e+01               0.000          -4.981e+01     
  91.000          90.000           -1.037e+01          -1.037e+01               0.000          -1.037e+01               0.000          -4.967e+01     
  92.000          90.000           -1.031e+01          -1.031e+01               0.000          -1.031e+01               0.000          -4.954e+01     
  93.000          90.000           -1.025e+01          -1.025e+01               0.000          -1.025e+01               0.000          -4.942e+01     
  94.000          90.000           -1.019e+01          -1.019e+01               0.000          -1.019e+01               0.000          -4.931e+01     
  95.000          90.000           -1.014e+01          -1.014e+01               0.000          -1.014e+01               0.000          -4.920e+01     
  96.000          90.000           -1.009e+01          -1.009e+01               0.000          -1.009e+01               0.000          -4.909e+01     
  97.000          90.000           -1.003e+01          -1.003e+01               0.000          -1.003e+01               0.000          -4.899e+01     
  98.000          90.000           -9.978e+00          -9.978e+00               0.000          -9.978e+00               0.000          -4.888e+01     
  99.000          90.000           -9.922e+00          -9.922e+00               0.000          -9.922e+00               0.000          -4.877e+01     
 100.000          90.000           -9.862e+00          -9.862e+00               0.000          -9.862e+00               0.000          -4.865e+01     
 101.000          90.000           -9.799e+00          -9.799e+00               0.000          -9.799e+00               0.000          -4.852e+01     
 102.000          90.000           -9.731e+00          -9.731e+00               0.000          -9.731e+00               0.000          -4.838e+01     
 103.000          90.000           -9.658e+00          -9.658e+00               0.000          -9.658e+00               0.000          -4.824e+01     
 104.000          90.000           -9.579e+00          -9.579e+00               0.000          -9.579e+00               0.000          -4.808e+01     
 105.000          90.000           -9.495e+00          -9.495e+00               0.000          -9.495e+00               0.000          -4.791e+01     
 106.000          90.000           -9.404e+00          -9.404e+00               0.000          -9.404e+00               0.000          -4.773e+01     
 107.000          90.000           -9.307e+00          -9.307e+00               0.000          -9.307e+00               0.000          -4.754e+01     
 108.000          90.000           -9.205e+00          -9.205e+00               0.000          -9.205e+00               0.000          -4.733e+01     
 109.000          90.000           -9.096e+00          -9.096e+00               0.000          -9.096e+00               0.000          -4.711e+01     
 110.000          90.000           -8.981e+00          -8.981e+00               0.000          -8.981e+00               0.000          -4.689e+01     
 111.000          90.000           -8.862e+00          -8.862e+00               0.000          -8.862e+00               0.000          -4.665e+01     
 112.000          90.000           -8.738e+00          -8.738e+00               0.000          -8.738e+00               0.000          -4.640e+01     
 113.000          90.000           -8.610e+00          -8.610e+00               0.000          -8.610e+00               0.000          -4.614e+01     
 114.000          90.000           -8.478e+00          -8.478e+00               0.000          -8.478e+00               0.000          -4.588e+01     
 115.000          90.000           -8.344e+00          -8.344e+00               0.000          -8.344e+00               0.000          -4.561e+01     
 116.000          90.000           -8.207e+00          -8.207e+00               0.000          -8.207e+00               0.000          -4.534e+01     
 117.000          90.000           -8.070e+00          -8.070e+00               0.000          -8.070e+00               0.000          -4.506e+01     
 118.000          90.000           -7.932e+00          -7.932e+00               0.000          -7.932e+00               0.000          -4.479e+01     
 119.000          90.000           -7.795e+00          -7.795e+00               0.000          -7.795e+00               0.000          -4.451e+01     
 120.000          90.000           -7.660e+00          -7.660e+00               0.000          -7.660e+00               0.000          -4.424e+01     
 121.000          90.000           -7.526e+00          -7.526e+00               0.000          -7.526e+00               0.000          -4.397e+01     
 122.000          90.000           -7.396e+00          -7.396e+00               0.000          -7.396e+00               0.000          -4.371e+01     
 123.000          90.000           -7.270e+00          -7.270e+00               0.000          -7.270e+00               0.000          -4.346e+01     
 124.000          90.000           -7.148e+00          -7.148e+00               0.000          -7.148e+00               0.000          -4.322e+01     
 125.000          90.000           -7.032e+00          -7.032e+00               0.000          -7.032e+00               0.000          -4.299e+01     
 126.000          90.000           -6.922e+00          -6.922e+00               0.000          -6.922e+00               0.000          -4.277e+01     
 127.000          90.000           -6.819e+00          -6.819e+00               0.000          -6.819e+00               0.000          -4.256e+01     
 128.000          90.000           -6.724e+00          -6.724e+00               0.000          -6.724e+00               0.000          -4.237e+01     
 129.000          90.000           -6.637e+00          -6.637e+00               0.000          -6.637e+00               0.000          -4.220e+01     
 130.000          90.000           -6.560e+00          -6.560e+00               0.000          -6.560e+00               0.000          -4.204e+01     
 131.000          90.000           -6.492e+00          -6.492e+00               0.000          -6.492e+00               0.000          -4.191e+01     
 132.000          90.000           -6.435e+00          -6.435e+00               0.000          -6.435e+00               0.000          -4.179e+01     
 133.000          90.000           -6.390e+00          -6.390e+00               0.000          -6.390e+00               0.000          -4.170e+01     
 134.000          90.000           -6.356e+00          -6.356e+00               0.000          -6.356e+00               0.000          -4.163e+01     
 135.000          90.000           -6.334e+00          -6.334e+00               0.000          -6.334e+00               0.000          -4.159e+01     
 136.000          90.000           -6.326e+00          -6.326e+00               0.000          -6.326e+00               0.000          -4.158e+01     
 137.000          90.000           -6.332e+00          -6.332e+00               0.000          -6.332e+00               0.000          -4.159e+01     
 138.000          90.000           -6.353e+00          -6.353e+00               0.000          -6.353e+00               0.000          -4.163e+01     
 139.000          90.000           -6.388e+00          -6.388e+00               0.000          -6.388e+00               0.000          -4.170e+01     
 140.000          90.000           -6.439e+00          -6.439e+00               0.000          -6.439e+00               0.000          -4.180e+01     
 141.000          90.000           -6.507e+00          -6.507e+00               0.000          -6.507e+00               0.000          -4.194e+01     
 142.000          90.000           -6.592e+00          -6.592e+00               0.000          -6.592e+00               0.000          -4.211e+01     
 143.000          90.000           -6.694e+00          -6.694e+00               0.000          -6.694e+00               0.000          -4.231e+01     
 144.000          90.000           -6.815e+00          -6.815e+00               0.000          -6.815e+00               0.000          -4.255e+01     
 145.000          90.000           -6.955e+00          -6.955e+00               0.000          -6.955e+00               0.000          -4.283e+01     
 146.000          90.000           -7.114e+00          -7.114e+00               0.000          -7.114e+00               0.000          -4.315e+01     
 147.000          90.000           -7.294e+00          -7.294e+00               0.000          -7.294e+00               0.000          -4.351e+01     
 148.000          90.000           -7.494e+00          -7.494e+00               0.000          -7.494e+00               0.000          -4.391e+01     
 149.000          90.000           -7.715e+00          -7.715e+00               0.000          -7.715e+00               0.000          -4.435e+01     
 150.000          90.000           -7.957e+00          -7.957e+00               0.000          -7.957e+00               0.000          -4.484e+01     
 151.000          90.000           -8.220e+00          -8.220e+00               0.000          -8.220e+00               0.000          -4.536e+01     
 152.000          90.000           -8.504e+00          -8.504e+00               0.000          -8.504e+00               0.000          -4.593e+01     
 153.000          90.000           -8.809e+00          -8.809e+00               0.000          -8.809e+00               0.000          -4.654e+01     
 154.000          90.000           -9.132e+00          -9.132e+00               0.000          -9.132e+00               0.000          -4.719e+01     
 155.000          90.000           -9.472e+00          -9.472e+00               0.000          -9.472e+00               0.000          -4.787e+01     
 156.000          90.000           -9.827e+00          -9.827e+00               0.000          -9.827e+00               0.000          -4.858e+01     
 157.000          90.000           -1.019e+01          -1.019e+01               0.000          -1.019e+01               0.000          -4.931e+01     
 158.000          90.000           -1.056e+01          -1.056e+01               0.000          -1.056e+01               0.000          -5.005e+01     
 159.000          90.000           -1.093e+01          -1.093e+01               0.000          -1.093e+01               0.000          -5.079e+01     
 160.000          90.000           -1.129e+01          -1.129e+01               0.000          -1.129e+01               0.000          -5.151e+01     
 161.000          90.000           -1.163e+01          -1.163e+01               0.000          -1.163e+01               0.000          -5.218e+01     
 162.000          90.000           -1.194e+01          -1.194e+01               0.000          -1.194e+01               0.000          -5.280e+01     
 163.000          90.000           -1.220e+01          -1.220e+01               0.000          -1.220e+01               0.000          -5.332e+01     
 164.000          90.000           -1.241e+01          -1.241e+01               0.000          -1.241e+01               0.000          -5.373e+01     
 165.000          90.000           -1.255e+01          -1.255e+01               0.000          -1.255e+01               0.000          -5.402e+01     
 166.000          90.000           -1.262e+01          -1.262e+01               0.000          -1.262e+01               0.000          -5.415e+01     
 167.000          90.000           -1.261e+01          -1.261e+01               0.000          -1.261e+01               0.000          -5.415e+01     
 168.000          90.000           -1.254e+01          -1.254e+01               0.000          -1.254e+01               0.000          -5.401e+01     
 169.000          90.000           -1.242e+01          -1.242e+01               0.000          -1.242e+01               0.000          -5.375e+01     
 170.000          90.000           -1.224e+01          -1.224e+01               0.000          -1.224e+01               0.000          -5.340e+01     
 171.000          90.000           -1.203e+01          -1.203e+01               0.000          -1.203e+01               0.000          -5.298e+01     
 172.000          90.000           -1.180e+01          -1.180e+01               0.000          -1.180e+01               0.000          -5.252e+01     
 173.000          90.000           -1.156e+01          -1.156e+01               0.000          -1.156e+01               0.000          -5.203e+01     
 174.000          90.000           -1.131e+01          -1.131e+01               0.000          -1.131e+01               0.000          -5.155e+01     
 175.000          90.000           -1.108e+01          -1.108e+01               0.000          -1.108e+01               0.000          -5.109e+01     
 176.000          90.000           -1.087e+01          -1.087e+01               0.000          -1.087e+01               0.000          -5.065e+01     
 177.000          90.000           -1.067e+01          -1.067e+01               0.000          -1.067e+01               0.000          -5.026e+01     
 178.000          90.000           -1.050e+01          -1.050e+01               0.000          -1.050e+01               0.000          -4.992e+01     
 179.000          90.000           -1.036e+01          -1.036e+01               0.000          -1.036e+01               0.000          -4.964e+01     
 180.000          90.000           -1.025e+01          -1.025e+01               0.000          -1.025e+01               0.000          -4.941e+01     
 181.000          90.000           -1.017e+01          -1.017e+01               0.000          -1.017e+01               0.000          -4.926e+01     
 182.000          90.000           -1.012e+01          -1.012e+01               0.000          -1.012e+01               0.000          -4.917e+01     
 183.000          90.000           -1.012e+01          -1.012e+01               0.000          -1.012e+01               0.000          -4.915e+01     
 184.000          90.000           -1.014e+01          -1.014e+01               0.000          -1.014e+01               0.000          -4.921e+01     
 185.000          90.000           -1.021e+01          -1.021e+01               0.000          -1.021e+01               0.000          -4.935e+01     
 186.000          90.000           -1.032e+01          -1.032e+01               0.000          -1.032e+01               0.000          -4.956e+01     
 187.000          90.000           -1.047e+01          -1.047e+01               0.000          -1.047e+01               0.000          -4.986e+01     
 188.000          90.000           -1.066e+01          -1.066e+01               0.000          -1.066e+01               0.000          -5.024e+01     
 189.000          90.000           -1.089e+01          -1.089e+01               0.000          -1.089e+01               0.000          -5.071e+01     
 190.000          90.000           -1.117e+01          -1.117e+01               0.000          -1.117e+01               0.000          -5.127e+01     
 191.000          90.000           -1.150e+01          -1.150e+01               0.000          -1.150e+01               0.000          -5.192e+01     
 192.000          90.000           -1.187e+01          -1.187e+01               0.000          -1.187e+01               0.000          -5.266e+01     
 193.000          90.000           -1.229e+01          -1.229e+01               0.000          -1.229e+01               0.000          -5.350e+01     
 194.000          90.000           -1.275e+01          -1.275e+01               0.000          -1.275e+01               0.000          -5.442e+01     
 195.000          90.000           -1.326e+01          -1.326e+01               0.000          -1.326e+01               0.000          -5.544e+01     
 196.000          90.000           -1.380e+01          -1.380e+01               0.000          -1.380e+01               0.000          -5.652e+01     
 197.000          90.000           -1.436e+01          -1.436e+01               0.000          -1.436e+01               0.000          -5.765e+01     
 198.000          90.000           -1.493e+01          -1.493e+01               0.000          -1.493e+01               0.000          -5.878e+01     
 199.000          90.000           -1.547e+01          -1.547e+01               0.000          -1.547e+01               0.000          -5.986e+01     
 200.000          90.000           -1.593e+01          -1.593e+01               0.000          -1.593e+01               0.000          -6.079e+01     
 201.000          90.000           -1.627e+01          -1.627e+01               0.000          -1.627e+01               0.000          -6.147e+01     
 202.000          90.000           -1.643e+01          -1.643e+01               0.000          -1.643e+01               0.000          -6.179e+01     
 203.000          90.000           -1.638e+01          -1.638e+01               0.000          -1.638e+01               0.000          -6.168e+01     
 204.000          90.000           -1.611e+01          -1.611e+01               0.000          -1.611e+01               0.000          -6.115e+01     
 205.000          90.000           -1.566e+01          -1.566e+01               0.000          -1.566e+01               0.000          -6.025e+01     
 206.000          90.000           -1.508e+01          -1.508e+01               0.000          -1.508e+01               0.000          -5.909e+01     
 207.000          90.000           -1.443e+01          -1.443e+01               0.000          -1.443e+01               0.000          -5.777e+01     
 208.000          90.000           -1.373e+01          -1.373e+01               0.000          -1.373e+01               0.000          -5.639e+01     
 209.000          90.000           -1.304e+01          -1.304e+01               0.000          -1.304e+01               0.000          -5.501e+01     
 210.000          90.000           -1.237e+01          -1.237e+01               0.000          -1.237e+01               0.000          -5.366e+01     
 211.000          90.000           -1.172e+01          -1.172e+01               0.000          -1.172e+01               0.000          -5.237e+01     
 212.000          90.000           -1.112e+01          -1.112e+01               0.000          -1.112e+01               0.000          -5.116e+01     
 213.000          90.000           -1.055e+01          -1.055e+01               0.000          -1.055e+01               0.000          -5.003e+01     
 214.000          90.000           -1.003e+01          -1.003e+01               0.000          -1.003e+01               0.000          -4.898e+01     
 215.000          90.000           -9.543e+00          -9.543e+00               0.000          -9.543e+00               0.000          -4.801e+01     
 216.000          90.000           -9.097e+00          -9.097e+00               0.000          -9.097e+00               0.000          -4.712e+01     
 217.000          90.000           -8.690e+00          -8.690e+00               0.000          -8.690e+00               0.000          -4.630e+01     
 218.000          90.000           -8.318e+00          -8.318e+00               0.000          -8.318e+00               0.000          -4.556e+01     
 219.000          90.000           -7.980e+00          -7.980e+00               0.000          -7.980e+00               0.000          -4.488e+01     
 220.000          90.000           -7.674e+00          -7.674e+00               0.000          -7.674e+00               0.000          -4.427e+01     
 221.000          90.000           -7.398e+00          -7.398e+00               0.000          -7.398e+00               0.000          -4.372e+01     
 222.000          90.000           -7.152e+00          -7.152e+00               0.000          -7.152e+00               0.000          -4.323e+01     
 223.000          90.000           -6.933e+00          -6.933e+00               0.000          -6.933e+00               0.000          -4.279e+01     
 224.000          90.000           -6.740e+00          -6.740e+00               0.000          -6.740e+00               0.000          -4.240e+01     
 225.000          90.000           -6.572e+00          -6.572e+00               0.000          -6.572e+00               0.000          -4.207e+01     
 226.000          90.000           -6.427e+00          -6.427e+00               0.000          -6.427e+00               0.000          -4.178e+01     
 227.000          90.000           -6.306e+00          -6.306e+00               0.000          -6.306e+00               0.000          -4.153e+01     
 228.000          90.000           -6.205e+00          -6.205e+00               0.000          -6.205e+00               0.000          -4.133e+01     
 229.000          90.000           -6.126e+00          -6.126e+00               0.000          -6.126e+00               0.000          -4.117e+01     
 230.000          90.000           -6.066e+00          -6.066e+00               0.000          -6.066e+00               0.000          -4.105e+01     
 231.000          90.000           -6.025e+00          -6.025e+00               0.000          -6.025e+00               0.000          -4.097e+01     
 232.000          90.000           -6.003e+00          -6.003e+00               0.000          -6.003e+00               0.000          -4.093e+01     
 233.000          90.000           -5.998e+00          -5.998e+00               0.000          -5.998e+00               0.000          -4.092e+01     
 234.000          90.000           -6.009e+00          -6.009e+00               0.000          -6.009e+00               0.000          -4.094e+01     
 235.000          90.000           -6.037e+00          -6.037e+00               0.000          -6.037e+00               0.000          -4.100e+01     
 236.000          90.000           -6.081e+00          -6.081e+00               0.000          -6.081e+00               0.000          -4.108e+01     
 237.000          90.000           -6.139e+00          -6.139e+00               0.000          -6.139e+00               0.000          -4.120e+01     
 238.000          90.000           -6.212e+00          -6.212e+00               0.000          -6.212e+00               0.000          -4.135e+01     
 239.000          90.000           -6.298e+00          -6.298e+00               0.000          -6.298e+00               0.000          -4.152e+01     
 240.000          90.000           -6.397e+00          -6.397e+00               0.000          -6.397e+00               0.000          -4.172e+01     
 241.000          90.000           -6.509e+00          -6.509e+00               0.000          -6.509e+00               0.000          -4.194e+01     
 242.000          90.000           -6.632e+00          -6.632e+00               0.000          -6.632e+00               0.000          -4.219e+01     
 243.000          90.000           -6.766e+00          -6.766e+00               0.000          -6.766e+00               0.000          -4.245e+01     
 244.000          90.000           -6.910e+00          -6.910e+00               0.000          -6.910e+00               0.000          -4.274e+01     
 245.000          90.000           -7.064e+00          -7.064e+00               0.000          -7.064e+00               0.000          -4.305e+01     
 246.000          90.000           -7.225e+00          -7.225e+00               0.000          -7.225e+00               0.000          -4.337e+01     
 247.000          90.000           -7.394e+00          -7.394e+00               0.000          -7.394e+00               0.000          -4.371e+01     
 248.000          90.000           -7.569e+00          -7.569e+00               0.000          -7.569e+00               0.000          -4.406e+01     
 249.000          90.000           -7.749e+00          -7.749e+00               0.000          -7.749e+00               0.000          -4.442e+01     
 250.000          90.000           -7.932e+00          -7.932e+00               0.000          -7.932e+00               0.000          -4.479e+01     
 251.000          90.000           -8.117e+00          -8.117e+00               0.000          -8.117e+00               0.000          -4.516e+01     
 252.000          90.000           -8.301e+00          -8.301e+00               0.000          -8.301e+00               0.000          -4.552e+01     
 253.000          90.000           -8.483e+00          -8.483e+00               0.000          -8.483e+00               0.000          -4.589e+01     
 254.000          90.000           -8.660e+00          -8.660e+00               0.000          -8.660e+00               0.000          -4.624e+01     
 255.000          90.000           -8.831e+00          -8.831e+00               0.000          -8.831e+00               0.000          -4.658e+01     
 256.000          90.000           -8.991e+00          -8.991e+00               0.000          -8.991e+00               0.000          -4.690e+01     
 257.000          90.000           -9.139e+00          -9.139e+00               0.000          -9.139e+00               0.000          -4.720e+01     
 258.000          90.000           -9.272e+00          -9.272e+00               0.000          -9.272e+00               0.000          -4.747e+01     
 259.000          90.000           -9.386e+00          -9.386e+00               0.000          -9.386e+00               0.000          -4.769e+01     
 260.000          90.000           -9.479e+00          -9.479e+00               0.000          -9.479e+00               0.000          -4.788e+01     
 261.000          90.000           -9.548e+00          -9.548e+00               0.000          -9.548e+00               0.000          -4.802e+01     
 262.000          90.000           -9.591e+00          -9.591e+00               0.000          -9.591e+00               0.000          -4.810e+01     
 263.000          90.000           -9.606e+00          -9.606e+00               0.000          -9.606e+00               0.000          -4.814e+01     
 264.000          90.000           -9.592e+00          -9.592e+00               0.000          -9.592e+00               0.000          -4.811e+01     
 265.000          90.000           -9.548e+00          -9.548e+00               0.000          -9.548e+00               0.000          -4.802e+01     
 266.000          90.000           -9.474e+00          -9.474e+00               0.000          -9.474e+00               0.000          -4.787e+01     
 267.000          90.000           -9.370e+00          -9.370e+00               0.000          -9.370e+00               0.000          -4.766e+01     
 268.000          90.000           -9.238e+00          -9.238e+00               0.000          -9.238e+00               0.000          -4.740e+01     
 269.000          90.000           -9.080e+00          -9.080e+00               0.000          -9.080e+00               0.000          -4.708e+01     
 270.000          90.000           -8.896e+00          -8.896e+00               0.000          -8.896e+00               0.000          -4.671e+01     
 271.000          90.000           -8.691e+00          -8.691e+00               0.000          -8.691e+00               0.000          -4.630e+01     
 272.000          90.000           -8.465e+00          -8.465e+00               0.000          -8.465e+00               0.000          -4.585e+01     
 273.000          90.000           -8.223e+00          -8.223e+00               0.000          -8.223e+00               0.000          -4.537e+01     
 274.000          90.000           -7.965e+00          -7.965e+00               0.000          -7.965e+00               0.000          -4.485e+01     
 275.000          90.000           -7.695e+00          -7.695e+00               0.000          -7.695e+00               0.000          -4.431e+01     
 276.000          90.000           -7.414e+00          -7.414e+00               0.000          -7.414e+00               0.000          -4.375e+01     
 277.000          90.000           -7.124e+00          -7.124e+00               0.000          -7.124e+00               0.000          -4.317e+01     
 278.000          90.000           -6.828e+00          -6.828e+00               0.000          -6.828e+00               0.000          -4.258e+01     
 279.000          90.000           -6.526e+00          -6.526e+00               0.000          -6.526e+00               0.000          -4.197e+01     
 280.000          90.000           -6.221e+00          -6.221e+00               0.000          -6.221e+00               0.000          -4.136e+01     
 281.000          90.000           -5.912e+00          -5.912e+00               0.000          -5.912e+00               0.000          -4.075e+01     
 282.000          90.000           -5.601e+00          -5.601e+00               0.000          -5.601e+00               0.000          -4.012e+01     
 283.000          90.000           -5.289e+00          -5.289e+00               0.000          -5.289e+00               0.000          -3.950e+01     
 284.000          90.000           -4.977e+00          -4.977e+00               0.000          -4.977e+00               0.000          -3.888e+01     
 285.000          90.000           -4.665e+00          -4.665e+00               0.000          -4.665e+00               0.000          -3.825e+01     
 286.000          90.000           -4.353e+00          -4.353e+00               0.000          -4.353e+00               0.000          -3.763e+01     
 287.000          90.000           -4.042e+00          -4.042e+00               0.000          -4.042e+00               0.000          -3.701e+01     
 288.000          90.000           -3.732e+00          -3.732e+00               0.000          -3.732e+00               0.000          -3.639e+01     
 289.000          90.000           -3.424e+00          -3.424e+00               0.000          -3.424e+00               0.000          -3.577e+01     
 290.000          90.000           -3.117e+00          -3.117e+00               0.000          -3.117e+00               0.000          -3.516e+01     
 291.000          90.000           -2.812e+00          -2.812e+00               0.000          -2.812e+00               0.000          -3.455e+01     
 292.000          90.000           -2.508e+00          -2.508e+00               0.000          -2.508e+00               0.000          -3.394e+01     
 293.000          90.000           -2.207e+00          -2.207e+00               0.000          -2.207e+00               0.000          -3.334e+01     
 294.000          90.000           -1.907e+00          -1.907e+00               0.000          -1.907e+00               0.000          -3.274e+01     
 295.000          90.000           -1.609e+00          -1.609e+00               0.000          -1.609e+00               0.000          -3.214e+01     
 296.000          90.000           -1.314e+00          -1.314e+00               0.000          -1.314e+00               0.000          -3.155e+01     
 297.000          90.000           -1.021e+00          -1.021e+00               0.000          -1.021e+00               0.000          -3.096e+01     
 298.000          90.000           -7.294e-01          -7.294e-01               0.000          -7.294e-01               0.000          -3.038e+01     
 299.000          90.000           -4.404e-01          -4.404e-01               0.000          -4.404e-01               0.000          -2.980e+01     
 300.000          90.000           -1.535e-01          -1.535e-01               0.000          -1.535e-01               0.000          -2.923e+01     
 301.000          90.000            1.312e-01           1.312e-01               0.000           1.312e-01               0.000          -2.866e+01     
 302.000          90.000            4.137e-01           4.137e-01               0.000           4.137e-01               0.000          -2.809e+01     
 303.000          90.000            6.939e-01           6.939e-01               0.000           6.939e-01               0.000          -2.753e+01     
 304.000          90.000            9.718e-01           9.718e-01               0.000           9.718e-01               0.000          -2.698e+01     
 305.000          90.000            1.247e+00           1.247e+00               0.000           1.247e+00               0.000          -2.643e+01     
 306.000          90.000            1.521e+00           1.521e+00               0.000           1.521e+00               0.000          -2.588e+01     
 307.000          90.000            1.791e+00           1.791e+00               0.000           1.791e+00               0.000          -2.534e+01     
 308.000          90.000            2.060e+00           2.060e+00               0.000           2.060e+00               0.000          -2.480e+01     
 309.000          90.000            2.326e+00           2.326e+00               0.000           2.326e+00               0.000          -2.427e+01     
 310.000          90.000            2.589e+00           2.589e+00               0.000           2.589e+00               0.000          -2.374e+01     
 311.000          90.000            2.849e+00           2.849e+00               0.000           2.849e+00               0.000          -2.322e+01     
 312.000          90.000            3.107e+00           3.107e+00               0.000           3.107e+00               0.000          -2.271e+01     
 313.000          90.000            3.363e+00           3.363e+00               0.000           3.363e+00               0.000          -2.220e+01     
 314.000          90.000            3.615e+00           3.615e+00               0.000           3.615e+00               0.000          -2.169e+01     
 315.000          90.000            3.864e+00           3.864e+00               0.000           3.864e+00               0.000          -2.119e+01     
 316.000          90.000            4.111e+00           4.111e+00               0.000           4.111e+00               0.000          -2.070e+01     
 317.000          90.000            4.354e+00           4.354e+00               0.000           4.354e+00               0.000          -2.021e+01     
 318.000          90.000            4.594e+00           4.594e+00               0.000           4.594e+00               0.000          -1.973e+01     
 319.000          90.000            4.831e+00           4.831e+00               0.000           4.831e+00               0.000          -1.926e+01     
 320.000          90.000            5.065e+00           5.065e+00               0.000           5.065e+00               0.000          -1.879e+01     
 321.000          90.000            5.295e+00           5.295e+00               0.000           5.295e+00               0.000          -1.833e+01     
 322.000          90.000            5.521e+00           5.521e+00               0.000           5.521e+00               0.000          -1.788e+01     
 323.000          90.000            5.744e+00           5.744e+00               0.000           5.744e+00               0.000          -1.743e+01     
 324.000          90.000            5.963e+00           5.963e+00               0.000           5.963e+00               0.000          -1.700e+01     
 325.000          90.000            6.177e+00           6.177e+00               0.000           6.177e+00               0.000          -1.657e+01     
 326.000          90.000            6.388e+00           6.388e+00               0.000           6.388e+00               0.000          -1.615e+01     
 327.000          90.000            6.595e+00           6.595e+00               0.000           6.595e+00               0.000          -1.573e+01     
 328.000          90.000            6.797e+00           6.797e+00               0.000           6.797e+00               0.000          -1.533e+01     
 329.000          90.000            6.995e+00           6.995e+00               0.000           6.995e+00               0.000          -1.493e+01     
 330.000          90.000            7.188e+00           7.188e+00               0.000           7.188e+00               0.000          -1.455e+01     
 331.000          90.000            7.377e+00           7.377e+00               0.000           7.377e+00               0.000          -1.417e+01     
 332.000          90.000            7.561e+00           7.561e+00               0.000           7.561e+00               0.000          -1.380e+01     
 333.000          90.000            7.740e+00           7.740e+00               0.000           7.740e+00               0.000          -1.344e+01     
 334.000          90.000            7.913e+00           7.913e+00               0.000           7.913e+00               0.000          -1.310e+01     
 335.000          90.000            8.082e+00           8.082e+00               0.000           8.082e+00               0.000          -1.276e+01     
 336.000          90.000            8.245e+00           8.245e+00               0.000           8.245e+00               0.000          -1.243e+01     
 337.000          90.000            8.402e+00           8.402e+00               0.000           8.402e+00               0.000          -1.212e+01     
 338.000          90.000            8.554e+00           8.554e+00               0.000           8.554e+00               0.000          -1.181e+01     
 339.000          90.000            8.701e+00           8.701e+00               0.000           8.701e+00               0.000          -1.152e+01     
 340.000          90.000            8.841e+00           8.841e+00               0.000           8.841e+00               0.000          -1.124e+01     
 341.000          90.000            8.975e+00           8.975e+00               0.000           8.975e+00               0.000          -1.097e+01     
 342.000          90.000            9.103e+00           9.103e+00               0.000           9.103e+00               0.000          -1.072e+01     
 343.000          90.000            9.225e+00           9.225e+00               0.000           9.225e+00               0.000          -1.047e+01     
 344.000          90.000            9.341e+00           9.341e+00               0.000           9.341e+00               0.000          -1.024e+01     
 345.000          90.000            9.450e+00           9.450e+00               0.000           9.450e+00               0.000          -1.002e+01     
 346.000          90.000            9.552e+00           9.552e+00               0.000           9.552e+00               0.000          -9.819e+00     
 347.000          90.000            9.647e+00           9.647e+00               0.000           9.647e+00               0.000          -9.628e+00     
 348.000          90.000            9.736e+00           9.736e+00               0.000           9.736e+00               0.000          -9.451e+00     
 349.000          90.000            9.817e+00           9.817e+00               0.000           9.817e+00               0.000          -9.289e+00     
 350.000          90.000            9.891e+00           9.891e+00               0.000           9.891e+00               0.000          -9.140e+00     
 351.000          90.000            9.958e+00           9.958e+00               0.000           9.958e+00               0.000          -9.007e+00     
 352.000          90.000            1.002e+01           1.002e+01               0.000           1.002e+01               0.000          -8.888e+00     
 353.000          90.000            1.007e+01           1.007e+01               0.000           1.007e+01               0.000          -8.784e+00     
 354.000          90.000            1.011e+01           1.011e+01               0.000           1.011e+01               0.000          -8.696e+00     
 355.000          90.000            1.015e+01           1.015e+01               0.000           1.015e+01               0.000          -8.624e+00     
 356.000          90.000            1.018e+01           1.018e+01               0.000           1.018e+01               0.000          -8.567e+00     
 357.000          90.000            1.020e+01           1.020e+01               0.000           1.020e+01               0.000          -8.526e+00     
 358.000          90.000            1.021e+01           1.021e+01               0.000           1.021e+01               0.000          -8.502e+00     
 359.000          90.000            1.021e+01           1.021e+01               0.000           1.021e+01               0.000          -8.495e+00     
