        Frequency / GHz                S1,1/abs,dB
----------------------------------------------------------------------
                      33                     -0.48479242
               33.009998                     -0.50029977
                   33.02                      -0.5161106
               33.029999                     -0.53216572
               33.040001                     -0.54840295
               33.049999                     -0.56476119
               33.060001                      -0.5811788
                   33.07                     -0.59759387
               33.080002                     -0.61394366
                   33.09                     -0.63016703
               33.099998                     -0.64620471
               33.110001                     -0.66199706
               33.119999                     -0.67748498
               33.130001                     -0.69261361
               33.139999                     -0.70732916
               33.150002                     -0.72157944
                   33.16                     -0.73531546
               33.169998                     -0.74849105
                   33.18                     -0.76106512
               33.189999                     -0.77299502
               33.200001                     -0.78424809
               33.209999                     -0.79479054
               33.220001                     -0.80459517
                   33.23                     -0.81363985
               33.240002                     -0.82190335
                   33.25                     -0.82937165
               33.259998                     -0.83603558
                   33.27                     -0.84188916
               33.279999                     -0.84693051
               33.290001                       -0.851164
               33.299999                     -0.85459863
               33.310001                     -0.85724588
                   33.32                     -0.85912306
               33.330002                     -0.86025113
                   33.34                     -0.86065595
               33.349998                     -0.86036661
               33.360001                      -0.8594152
               33.369999                     -0.85783896
               33.380001                     -0.85567608
               33.389999                     -0.85296901
               33.400002                     -0.84976312
                   33.41                      -0.8461047
               33.419998                      -0.8420439
                   33.43                     -0.83763198
               33.439999                     -0.83292022
               33.450001                     -0.82796334
               33.459999                     -0.82281536
               33.470001                     -0.81753074
                   33.48                     -0.81216577
               33.490002                     -0.80677556
                    33.5                     -0.80141551
               33.509998                     -0.79614035
                   33.52                     -0.79100373
               33.529999                     -0.78605899
               33.540001                      -0.7813578
               33.549999                     -0.77695114
               33.560001                     -0.77288751
                   33.57                     -0.76921547
               33.580002                      -0.7659796
                   33.59                     -0.76322248
               33.599998                     -0.76098661
               33.610001                     -0.75931129
               33.619999                     -0.75823189
               33.630001                     -0.75778465
               33.639999                     -0.75799929
               33.650002                     -0.75890611
                   33.66                     -0.76053153
               33.669998                     -0.76289933
                   33.68                     -0.76602938
               33.689999                     -0.76994084
               33.700001                     -0.77464944
               33.709999                     -0.78016756
               33.720001                     -0.78650405
                   33.73                     -0.79366688
               33.740002                     -0.80165856
                   33.75                      -0.8104821
               33.759998                     -0.82013445
                   33.77                     -0.83061217
               33.779999                     -0.84190802
               33.790001                       -0.854012
               33.799999                     -0.86691143
               33.810001                     -0.88059213
                   33.82                     -0.89503558
               33.830002                     -0.91022184
                   33.84                     -0.92612959
               33.849998                     -0.94273377
               33.860001                     -0.96000646
               33.869999                     -0.97791913
               33.880001                     -0.99644112
               33.889999                      -1.0155397
               33.900002                      -1.0351795
                   33.91                      -1.0553253
               33.919998                      -1.0759388
                   33.93                       -1.096981
               33.939999                      -1.1184122
               33.950001                      -1.1401906
               33.959999                      -1.1622756
               33.970001                      -1.1846244
                   33.98                      -1.2071937
               33.990002                       -1.229941
                      34                      -1.2528247
               34.009998                      -1.2758006
                   34.02                       -1.298827
               34.029999                      -1.3218633
               34.040001                      -1.3448692
               34.049999                      -1.3678054
               34.060001                      -1.3906349
                   34.07                       -1.413322
               34.080002                      -1.4358328
                   34.09                      -1.4581368
               34.099998                      -1.4802036
               34.110001                      -1.5020078
               34.119999                      -1.5235246
               34.130001                      -1.5447355
               34.139999                      -1.5656222
               34.150002                      -1.5861725
                   34.16                      -1.6063746
               34.169998                      -1.6262241
                   34.18                       -1.645716
               34.189999                      -1.6648555
               34.200001                      -1.6836458
               34.209999                       -1.702097
               34.220001                      -1.7202245
                   34.23                      -1.7380442
               34.240002                      -1.7555798
                   34.25                      -1.7728579
               34.259998                      -1.7899089
                   34.27                      -1.8067676
               34.279999                      -1.8234716
               34.290001                      -1.8400643
               34.299999                      -1.8565915
               34.310001                      -1.8731025
                   34.32                      -1.8896511
               34.330002                      -1.9062938
                   34.34                      -1.9230883
               34.349998                      -1.9401001
               34.360001                       -1.957393
               34.369999                      -1.9750353
               34.380001                      -1.9930957
               34.389999                      -2.0116488
               34.400002                       -2.030769
                   34.41                      -2.0505316
               34.419998                      -2.0710149
                   34.43                      -2.0923007
               34.439999                      -2.1144683
               34.450001                      -2.1376013
               34.459999                      -2.1617818
               34.470001                      -2.1870966
                   34.48                      -2.2136292
               34.490002                      -2.2414665
                    34.5                      -2.2706968
               34.509998                      -2.3014076
                   34.52                      -2.3336853
               34.529999                      -2.3676212
               34.540001                      -2.4033032
               34.549999                      -2.4408218
               34.560001                       -2.480267
                   34.57                      -2.5217309
               34.580002                       -2.565305
                   34.59                      -2.6110807
               34.599998                      -2.6591517
               34.610001                      -2.7096116
               34.619999                      -2.7625534
               34.630001                      -2.8180753
               34.639999                      -2.8762719
               34.650002                      -2.9372408
                   34.66                      -3.0010828
               34.669998                      -3.0678961
                   34.68                      -3.1377853
               34.689999                       -3.210854
               34.700001                      -3.2872072
               34.709999                      -3.3669564
               34.720001                      -3.4502104
                   34.73                      -3.5370844
               34.740002                      -3.6276955
                   34.75                      -3.7221657
               34.759998                      -3.8206188
                   34.77                      -3.9231849
               34.779999                       -4.029997
               34.790001                      -4.1411961
               34.799999                      -4.2569241
               34.810001                      -4.3773334
                   34.82                      -4.5025808
               34.830002                      -4.6328331
                   34.84                      -4.7682606
               34.849998                      -4.9090476
               34.860001                      -5.0553832
               34.869999                        -5.20747
               34.880001                      -5.3655214
               34.889999                       -5.529764
               34.900002                      -5.7004372
                   34.91                       -5.877793
               34.919998                      -6.0621059
                   34.93                      -6.2536609
               34.939999                      -6.4527687
               34.950001                       -6.659757
               34.959999                      -6.8749799
               34.970001                      -7.0988163
                   34.98                      -7.3316727
               34.990002                      -7.5739866
                      35                      -7.8262291
               35.009998                      -8.0889089
                   35.02                      -8.3625744
               35.029999                      -8.6478159
               35.040001                      -8.9452735
               35.049999                       -9.255637
               35.060001                      -9.5796485
                   35.07                      -9.9181086
               35.080002                      -10.271876
                   35.09                      -10.641868
               35.099998                      -11.029057
               35.110001                       -11.43446
               35.119999                      -11.859128
               35.130001                      -12.304115
               35.139999                      -12.770433
               35.150002                      -13.258985
                   35.16                      -13.770436
               35.169998                      -14.305055
                   35.18                      -14.862433
               35.189999                      -15.441081
               35.200001                      -16.037837
               35.209999                       -16.64703
               35.220001                      -17.259348
                   35.23                      -17.860477
               35.240002                       -18.42977
                   35.25                       -18.93959
               35.259998                      -19.356503
                   35.27                      -19.645577
               35.279999                      -19.777978
               35.290001                      -19.739481
               35.299999                      -19.535378
               35.310001                      -19.188602
                   35.32                      -18.732306
               35.330002                      -18.201376
                   35.34                       -17.62647
               35.349998                      -17.031505
               35.360001                       -16.43361
               35.369999                      -15.844256
               35.380001                      -15.270655
               35.389999                      -14.717018
               35.400002                      -14.185521
                   35.41                      -13.677009
               35.419998                      -13.191486
                   35.43                      -12.728436
               35.439999                      -12.287042
               35.450001                      -11.866325
               35.459999                      -11.465236
               35.470001                      -11.082709
                   35.48                      -10.717703
               35.490002                      -10.369213
                    35.5                      -10.036288
               35.509998                      -9.7180358
                   35.52                      -9.4136208
               35.529999                      -9.1222646
               35.540001                      -8.8432475
               35.549999                       -8.575899
               35.560001                      -8.3195992
                   35.57                       -8.073771
               35.580002                      -7.8378825
                   35.59                      -7.6114384
               35.599998                      -7.3939793
               35.610001                      -7.1850764
               35.619999                      -6.9843324
               35.630001                      -6.7913766
               35.639999                      -6.6058624
               35.650002                      -6.4274663
                   35.66                      -6.2558844
               35.669998                      -6.0908323
                   35.68                      -5.9320435
               35.689999                      -5.7792669
               35.700001                      -5.6322651
               35.709999                      -5.4908157
               35.720001                      -5.3547078
                   35.73                      -5.2237409
               35.740002                      -5.0977255
                   35.75                      -4.9764836
               35.759998                      -4.8598422
                   35.77                      -4.7476395
               35.779999                        -4.63972
               35.790001                      -4.5359361
               35.799999                      -4.4361455
               35.810001                       -4.340211
                   35.82                      -4.2480044
               35.830002                      -4.1593997
                   35.84                      -4.0742756
               35.849998                      -3.9925169
               35.860001                       -3.914012
               35.869999                      -3.8386513
               35.880001                      -3.7663311
               35.889999                      -3.6969502
               35.900002                      -3.6304112
                   35.91                      -3.5666174
               35.919998                      -3.5054773
                   35.93                      -3.4469012
               35.939999                      -3.3908021
               35.950001                      -3.3370931
               35.959999                       -3.285692
               35.970001                      -3.2365184
                   35.98                      -3.1894929
               35.990002                      -3.1445386
                      36                      -3.1015795
               36.009998                       -3.060541
                   36.02                      -3.0213537
               36.029999                      -2.9839449
               36.040001                      -2.9482459
               36.049999                      -2.9141904
               36.060001                      -2.8817105
                   36.07                      -2.8507426
               36.080002                      -2.8212245
                   36.09                      -2.7930926
               36.099998                      -2.7662872
               36.110001                      -2.7407496
               36.119999                      -2.7164211
               36.130001                      -2.6932471
               36.139999                      -2.6711716
               36.150002                      -2.6501414
                   36.16                      -2.6301034
               36.169998                      -2.6110088
                   36.18                      -2.5928065
               36.189999                      -2.5754493
               36.200001                      -2.5588922
               36.209999                      -2.5430881
               36.220001                      -2.5279963
                   36.23                      -2.5135723
               36.240002                      -2.4997779
                   36.25                      -2.4865734
               36.259998                      -2.4739226
                   36.27                      -2.4617888
               36.279999                      -2.4501393
               36.290001                       -2.438941
               36.299999                       -2.428165
               36.310001                      -2.4177797
                   36.32                      -2.4077609
               36.330002                        -2.39808
                   36.34                       -2.388715
               36.349998                      -2.3796431
               36.360001                      -2.3708429
               36.369999                      -2.3622977
               36.380001                      -2.3539865
               36.389999                      -2.3458959
               36.400002                      -2.3380099
                   36.41                      -2.3303172
               36.419998                      -2.3228072
                   36.43                      -2.3154669
               36.439999                      -2.3082909
               36.450001                       -2.301269
               36.459999                      -2.2943992
               36.470001                      -2.2876734
                   36.48                       -2.281091
               36.490002                      -2.2746482
                    36.5                      -2.2683445
               36.509998                      -2.2621804
                   36.52                      -2.2561564
               36.529999                      -2.2502742
               36.540001                       -2.244537
               36.549999                      -2.2389488
               36.560001                      -2.2335133
                   36.57                      -2.2282356
               36.580002                      -2.2231211
                   36.59                      -2.2181758
               36.599998                       -2.213407
               36.610001                      -2.2088211
               36.619999                      -2.2044254
               36.630001                      -2.2002279
               36.639999                       -2.196236
               36.650002                      -2.1924566
                   36.66                      -2.1888994
               36.669998                      -2.1855724
                   36.68                      -2.1824824
               36.689999                      -2.1796382
               36.700001                      -2.1770478
               36.709999                      -2.1747186
               36.720001                      -2.1726571
                   36.73                      -2.1708727
               36.740002                      -2.1693706
                   36.75                      -2.1681586
               36.759998                      -2.1672423
                   36.77                      -2.1666277
               36.779999                      -2.1663197
               36.790001                      -2.1663246
               36.799999                      -2.1666461
               36.810001                      -2.1672886
                   36.82                      -2.1682554
               36.830002                      -2.1695504
                   36.84                      -2.1711745
               36.849998                      -2.1731317
               36.860001                       -2.175422
               36.869999                      -2.1780469
               36.880001                      -2.1810062
               36.889999                      -2.1843008
               36.900002                      -2.1879297
                   36.91                      -2.1918915
               36.919998                      -2.1961845
                   36.93                      -2.2008055
               36.939999                      -2.2057528
               36.950001                      -2.2110226
               36.959999                      -2.2166119
               36.970001                      -2.2225159
                   36.98                      -2.2287294
               36.990002                      -2.2352478
                      37                      -2.2420666
               37.009998                      -2.2491782
                   37.02                      -2.2565769
               37.029999                      -2.2642563
               37.040001                      -2.2722095
               37.049999                      -2.2804299
               37.060001                      -2.2889091
                   37.07                      -2.2976389
               37.080002                      -2.3066134
                   37.09                      -2.3158233
               37.099998                      -2.3252619
               37.110001                      -2.3349187
               37.119999                      -2.3447866
               37.130001                      -2.3548575
               37.139999                      -2.3651228
               37.150002                      -2.3755735
                   37.16                      -2.3862022
               37.169998                      -2.3970007
                   37.18                      -2.4079606
               37.189999                      -2.4190741
               37.200001                      -2.4303326
               37.209999                      -2.4417297
               37.220001                      -2.4532577
                   37.23                       -2.464909
               37.240002                      -2.4766771
                   37.25                      -2.4885552
               37.259998                      -2.5005383
                   37.27                      -2.5126191
               37.279999                      -2.5247929
               37.290001                      -2.5370539
               37.299999                      -2.5493976
               37.310001                      -2.5618199
                   37.32                      -2.5743169
               37.330002                      -2.5868846
                   37.34                      -2.5995197
               37.349998                      -2.6122202
               37.360001                       -2.624985
               37.369999                      -2.6378106
               37.380001                      -2.6506956
               37.389999                      -2.6636407
               37.400002                      -2.6766455
                   37.41                      -2.6897079
               37.419998                      -2.7028313
                   37.43                      -2.7160143
               37.439999                      -2.7292597
               37.450001                      -2.7425693
               37.459999                      -2.7559446
               37.470001                      -2.7693883
                   37.48                       -2.782905
               37.490002                      -2.7964956
                    37.5                       -2.810165
               37.509998                      -2.8239165
                   37.52                      -2.8377562
               37.529999                      -2.8516864
               37.540001                      -2.8657144
               37.549999                      -2.8798429
               37.560001                      -2.8940783
                   37.57                      -2.9084263
               37.580002                       -2.922891
                   37.59                      -2.9374803
               37.599998                      -2.9521997
               37.610001                      -2.9670544
               37.619999                      -2.9820508
               37.630001                      -2.9971942
               37.639999                      -3.0124936
               37.650002                      -3.0279515
                   37.66                      -3.0435752
               37.669998                      -3.0593729
                   37.68                      -3.0753477
               37.689999                       -3.091507
               37.700001                      -3.1078568
               37.709999                      -3.1244009
               37.720001                      -3.1411475
                   37.73                      -3.1580996
               37.740002                      -3.1752629
                   37.75                      -3.1926433
               37.759998                      -3.2102448
                   37.77                      -3.2280718
               37.779999                      -3.2461281
               37.790001                      -3.2644171
               37.799999                      -3.2829443
               37.810001                       -3.301712
                   37.82                      -3.3207239
               37.830002                      -3.3399806
                   37.84                      -3.3594866
               37.849998                      -3.3792432
               37.860001                      -3.3992507
               37.869999                       -3.419514
               37.880001                      -3.4400307
               37.889999                       -3.460803
               37.900002                      -3.4818298
                   37.91                       -3.503113
               37.919998                      -3.5246511
                   37.93                      -3.5464449
               37.939999                      -3.5684909
               37.950001                      -3.5907889
               37.959999                       -3.613337
               37.970001                      -3.6361321
                   37.98                      -3.6591737
               37.990002                       -3.682458
                      38                      -3.7059817
               38.009998                      -3.7297409
                   38.02                      -3.7537321
               38.029999                      -3.7779532
               38.040001                      -3.8023981
               38.049999                      -3.8270618
               38.060001                      -3.8519409
                   38.07                      -3.8770283
               38.080002                      -3.9023208
                   38.09                      -3.9278123
               38.099998                      -3.9534962
               38.110001                      -3.9793665
               38.119999                      -4.0054181
               38.130001                      -4.0316439
               38.139999                      -4.0580361
               38.150002                      -4.0845905
                   38.16                      -4.1112992
               38.169998                      -4.1381554
                   38.18                      -4.1651516
               38.189999                      -4.1922797
               38.200001                       -4.219535
               38.209999                      -4.2469075
               38.220001                      -4.2743913
                   38.23                      -4.3019783
               38.240002                      -4.3296612
                   38.25                      -4.3574337
               38.259998                       -4.385286
                   38.27                      -4.4132112
               38.279999                      -4.4412028
               38.290001                      -4.4692521
               38.299999                      -4.4973514
               38.310001                      -4.5254951
                   38.32                      -4.5536728
               38.330002                      -4.5818801
                   38.34                      -4.6101066
               38.349998                      -4.6383474
               38.360001                      -4.6665929
               38.369999                      -4.6948381
               38.380001                      -4.7230739
               38.389999                       -4.751294
               38.400002                      -4.7794922
                   38.41                      -4.8076601
               38.419998                       -4.835791
                   38.43                      -4.8638786
               38.439999                      -4.8919149
               38.450001                      -4.9198941
               38.459999                      -4.9478102
               38.470001                      -4.9756549
                   38.48                      -5.0034226
               38.490002                      -5.0311066
                    38.5                      -5.0586995
               38.509998                      -5.0861954
                   38.52                      -5.1135888
               38.529999                      -5.1408736
               38.540001                      -5.1680396
               38.549999                      -5.1950847
               38.560001                      -5.2220005
                   38.57                      -5.2487809
               38.580002                      -5.2754201
                   38.59                      -5.3019102
               38.599998                      -5.3282453
               38.610001                      -5.3544204
               38.619999                      -5.3804277
               38.630001                      -5.4062595
               38.639999                      -5.4319113
               38.650002                      -5.4573756
                   38.66                      -5.4826465
               38.669998                      -5.5077141
                   38.68                      -5.5325751
               38.689999                      -5.5572221
               38.700001                      -5.5816459
               38.709999                      -5.6058401
               38.720001                      -5.6297991
                   38.73                      -5.6535141
               38.740002                      -5.6769786
                   38.75                       -5.700183
               38.759998                      -5.7231213
                   38.77                      -5.7457876
               38.779999                      -5.7681704
               38.790001                      -5.7902645
               38.799999                      -5.8120603
               38.810001                      -5.8335514
                   38.82                      -5.8547284
               38.830002                      -5.8755829
                   38.84                      -5.8961076
               38.849998                      -5.9162935
               38.860001                      -5.9361319
               38.869999                       -5.955615
               38.880001                       -5.974735
               38.889999                      -5.9934818
               38.900002                      -6.0118469
                   38.91                       -6.029823
               38.919998                      -6.0474007
                   38.93                      -6.0645711
               38.939999                      -6.0813268
               38.950001                      -6.0976591
               38.959999                      -6.1135587
               38.970001                      -6.1290181
                   38.98                      -6.1440285
               38.990002                      -6.1585822
                      39                      -6.1726717
               39.009998                      -6.1862875
                   39.02                      -6.1994241
               39.029999                      -6.2120718
               39.040001                      -6.2242244
               39.049999                      -6.2358747
               39.060001                      -6.2470151
                   39.07                      -6.2576391
               39.080002                      -6.2677409
                   39.09                      -6.2773129
               39.099998                      -6.2863505
               39.110001                      -6.2948472
               39.119999                      -6.3027981
               39.130001                      -6.3101977
               39.139999                      -6.3170411
               39.150002                      -6.3233244
                   39.16                      -6.3290434
               39.169998                      -6.3341945
                   39.18                      -6.3387735
               39.189999                      -6.3427794
               39.200001                      -6.3462073
               39.209999                      -6.3490564
               39.220001                      -6.3513256
                   39.23                      -6.3530113
               39.240002                      -6.3541147
                   39.25                      -6.3546342
               39.259998                      -6.3545707
                   39.27                      -6.3539227
               39.279999                      -6.3526938
               39.290001                      -6.3508824
               39.299999                      -6.3484921
               39.310001                      -6.3455238
                   39.32                       -6.341981
               39.330002                      -6.3378661
                   39.34                      -6.3331822
               39.349998                      -6.3279336
               39.360001                      -6.3221252
               39.369999                      -6.3157601
               39.380001                      -6.3088435
               39.389999                      -6.3013823
               39.400002                      -6.2933817
                   39.41                       -6.284848
               39.419998                      -6.2757879
                   39.43                      -6.2662082
               39.439999                      -6.2561159
               39.450001                        -6.24552
               39.459999                      -6.2344288
               39.470001                      -6.2228488
                   39.48                      -6.2107911
               39.490002                      -6.1982634
                    39.5                      -6.1852754
               39.509998                      -6.1718378
                   39.52                      -6.1579597
               39.529999                      -6.1436528
               39.540001                      -6.1289262
               39.549999                      -6.1137913
               39.560001                       -6.098259
                   39.57                      -6.0823413
               39.580002                        -6.06605
                   39.59                      -6.0493968
               39.599998                      -6.0323922
               39.610001                      -6.0150506
               39.619999                      -5.9973828
               39.630001                      -5.9794026
               39.639999                      -5.9611212
               39.650002                      -5.9425523
                   39.66                      -5.9237095
               39.669998                      -5.9046048
                   39.68                      -5.8852513
               39.689999                      -5.8656615
               39.700001                       -5.845851
               39.709999                      -5.8258318
               39.720001                      -5.8056152
                   39.73                      -5.7852178
               39.740002                      -5.7646518
                   39.75                      -5.7439295
               39.759998                      -5.7230658
                   39.77                      -5.7020721
               39.779999                      -5.6809639
               39.790001                       -5.659753
               39.799999                      -5.6384521
               39.810001                      -5.6170754
                   39.82                      -5.5956348
               39.830002                       -5.574144
                   39.84                      -5.5526152
               39.849998                      -5.5310602
               39.860001                      -5.5094928
               39.869999                       -5.487924
               39.880001                      -5.4663671
               39.889999                       -5.444833
               39.900002                      -5.4233323
                   39.91                      -5.4018793
               39.919998                      -5.3804835
                   39.93                      -5.3591556
               39.939999                      -5.3379075
               39.950001                      -5.3167495
               39.959999                       -5.295691
               39.970001                      -5.2747422
                   39.98                      -5.2539132
               39.990002                      -5.2332145
                      40                      -5.2126542
               40.009998                      -5.1922404
                   40.02                      -5.1719831
               40.029999                      -5.1518906
               40.040001                      -5.1319708
               40.049999                      -5.1122309
               40.060001                      -5.0926794
                   40.07                      -5.0733212
               40.080002                      -5.0541657
                   40.09                      -5.0352177
               40.099998                      -5.0164845
               40.110001                      -4.9979703
               40.119999                       -4.979682
               40.130001                      -4.9616254
               40.139999                      -4.9438032
               40.150002                      -4.9262229
                   40.16                      -4.9088858
               40.169998                      -4.8917977
                   40.18                      -4.8749619
               40.189999                      -4.8583826
               40.200001                      -4.8420607
               40.209999                      -4.8260012
               40.220001                      -4.8102061
                   40.23                      -4.7946766
               40.240002                      -4.7794153
                   40.25                      -4.7644243
               40.259998                      -4.7497048
                   40.27                      -4.7352583
               40.279999                      -4.7210857
               40.290001                      -4.7071882
               40.299999                      -4.6935644
               40.310001                      -4.6802182
                   40.32                       -4.667146
               40.330002                      -4.6543515
                   40.34                      -4.6418317
               40.349998                      -4.6295877
               40.360001                      -4.6176195
               40.369999                      -4.6059258
               40.380001                      -4.5945057
               40.389999                        -4.58336
               40.400002                      -4.5724863
                   40.41                      -4.5618852
               40.419998                      -4.5515547
                   40.43                      -4.5414941
               40.439999                      -4.5317035
               40.450001                      -4.5221821
               40.459999                      -4.5129265
               40.470001                      -4.5039388
                   40.48                      -4.4952161
               40.490002                      -4.4867596
                    40.5                      -4.4785676
               40.509998                      -4.4706391
                   40.52                      -4.4629744
               40.529999                      -4.4555737
               40.540001                       -4.448436
               40.549999                      -4.4415621
               40.560001                      -4.4349516
                   40.57                       -4.428604
               40.580002                      -4.4225215
                   40.59                      -4.4167046
               40.599998                      -4.4111527
               40.610001                      -4.4058696
               40.619999                      -4.4008549
               40.630001                      -4.3961108
               40.639999                      -4.3916403
               40.650002                      -4.3874436
                   40.66                      -4.3835252
               40.669998                      -4.3798864
                   40.68                      -4.3765322
               40.689999                       -4.373465
               40.700001                      -4.3706886
               40.709999                      -4.3682065
               40.720001                      -4.3660247
                   40.73                      -4.3641474
               40.740002                      -4.3625777
                   40.75                      -4.3613249
               40.759998                      -4.3603902
                   40.77                      -4.3597836
               40.779999                      -4.3595104
               40.790001                      -4.3595771
               40.799999                      -4.3599899
               40.810001                      -4.3607584
                   40.82                      -4.3618882
               40.830002                      -4.3633889
                   40.84                      -4.3652687
               40.849998                       -4.367536
               40.860001                      -4.3702008
               40.869999                      -4.3732728
               40.880001                      -4.3767598
               40.889999                      -4.3806742
               40.900002                      -4.3850255
                   40.91                      -4.3898236
               40.919998                      -4.3950821
                   40.93                      -4.4008102
               40.939999                      -4.4070202
               40.950001                      -4.4137254
               40.959999                      -4.4209356
               40.970001                      -4.4286657
                   40.98                      -4.4369269
               40.990002                      -4.4457345
                      41                      -4.4550997
               41.009998                      -4.4650384
                   41.02                      -4.4755629
               41.029999                      -4.4866892
               41.040001                      -4.4984298
               41.049999                      -4.5108021
               41.060001                      -4.5238191
                   41.07                      -4.5374987
               41.080002                      -4.5518537
                   41.09                       -4.566903
               41.099998                      -4.5826614
               41.110001                      -4.5991457
               41.119999                      -4.6163733
               41.130001                      -4.6343614
               41.139999                      -4.6531276
               41.150002                      -4.6726901
                   41.16                      -4.6930654
               41.169998                      -4.7142749
                   41.18                      -4.7363359
               41.189999                      -4.7592685
               41.200001                       -4.783092
               41.209999                      -4.8078245
               41.220001                      -4.8334901
                   41.23                      -4.8601073
               41.240002                      -4.8876992
                   41.25                      -4.9162859
               41.259998                      -4.9458899
                   41.27                      -4.9765349
               41.279999                      -5.0082448
               41.290001                      -5.0410422
               41.299999                      -5.0749511
               41.310001                      -5.1099979
                   41.32                      -5.1462077
               41.330002                      -5.1836073
                   41.34                      -5.2222233
               41.349998                       -5.262084
               41.360001                       -5.303217
               41.369999                      -5.3456536
               41.380001                      -5.3894216
               41.389999                      -5.4345534
               41.400002                      -5.4810823
                   41.41                      -5.5290394
               41.419998                      -5.5784592
                   41.43                      -5.6293772
               41.439999                      -5.6818306
               41.450001                      -5.7358546
               41.459999                      -5.7914905
               41.470001                      -5.8487764
                   41.48                      -5.9077559
               41.490002                      -5.9684702
                    41.5                      -6.0309642
               41.509998                       -6.095285
                   41.52                      -6.1614803
               41.529999                       -6.229599
               41.540001                      -6.2996941
               41.549999                      -6.3718183
               41.560001                      -6.4460273
                   41.57                      -6.5223803
               41.580002                      -6.6009371
                   41.59                      -6.6817606
               41.599998                      -6.7649169
               41.610001                      -6.8504741
               41.619999                      -6.9385041
               41.630001                       -7.029081
               41.639999                      -7.1222838
               41.650002                       -7.218193
                   41.66                      -7.3168951
               41.669998                      -7.4184794
                   41.68                      -7.5230395
               41.689999                      -7.6306738
               41.700001                      -7.7414863
               41.709999                       -7.855585
               41.720001                      -7.9730847
                   41.73                      -8.0941051
               41.740002                      -8.2187741
                   41.75                      -8.3472237
               41.759998                      -8.4795964
                   41.77                      -8.6160405
               41.779999                      -8.7567151
               41.790001                       -8.901787
               41.799999                      -9.0514331
               41.810001                      -9.2058425
                   41.82                      -9.3652151
               41.830002                      -9.5297633
                   41.84                      -9.6997164
               41.849998                      -9.8753152
               41.860001                      -10.056821
               41.869999                      -10.244509
               41.880001                      -10.438678
               41.889999                       -10.63965
               41.900002                      -10.847767
                   41.91                      -11.063401
               41.919998                      -11.286951
                   41.93                      -11.518853
               41.939999                      -11.759576
               41.950001                      -12.009628
               41.959999                      -12.269565
               41.970001                      -12.539993
                   41.98                       -12.82157
               41.990002                      -13.115022
                      42                      -13.421139
               42.009998                      -13.740793
                   42.02                      -14.074943
               42.029999                      -14.424643
               42.040001                      -14.791058
               42.049999                      -15.175476
               42.060001                      -15.579313
                   42.07                      -16.004133
               42.080002                      -16.451654
                   42.09                       -16.92375
               42.099998                      -17.422449
               42.110001                      -17.949902
               42.119999                      -18.508333
               42.130001                      -19.099915
               42.139999                      -19.726557
               42.150002                      -20.389509
                   42.16                      -21.088688
               42.169998                      -21.821513
                   42.18                      -22.581017
               42.189999                      -23.352881
               42.200001                      -24.111286
               42.209999                      -24.814316
               42.220001                      -25.401794
                   42.23                      -25.801494
               42.240002                      -25.949077
                   42.25                      -25.815962
               42.259998                      -25.424513
                   42.27                      -24.836025
               42.279999                      -24.123141
               42.290001                       -23.34821
               42.299999                      -22.555504
               42.310001                      -21.772677
                   42.32                      -21.015294
               42.330002                      -20.291092
                   42.34                      -19.603105
               42.349998                      -18.951677
               42.360001                      -18.335701
               42.369999                      -17.753342
               42.380001                      -17.202463
               42.389999                      -16.680853
               42.400002                       -16.18636
                   42.41                      -15.716957
               42.419998                      -15.270763
                   42.43                      -14.846054
               42.439999                      -14.441262
               42.450001                      -14.054966
               42.459999                      -13.685875
               42.470001                      -13.332824
                   42.48                      -12.994757
               42.490002                      -12.670715
                    42.5                       -12.35983
               42.509998                      -12.061309
                   42.52                      -11.774434
               42.529999                      -11.498547
               42.540001                      -11.233045
               42.549999                      -10.977376
               42.560001                      -10.731037
                   42.57                      -10.493558
               42.580002                      -10.264511
                   42.59                      -10.043499
               42.599998                      -9.8301516
               42.610001                      -9.6241289
               42.619999                      -9.4251123
               42.630001                       -9.232806
               42.639999                      -9.0469324
               42.650002                      -8.8672336
                   42.66                      -8.6934653
               42.669998                      -8.5254009
                   42.68                      -8.3628258
               42.689999                      -8.2055367
               42.700001                      -8.0533423
               42.709999                       -7.906062
               42.720001                      -7.7635235
                   42.73                      -7.6255625
               42.740002                      -7.4920244
                   42.75                      -7.3627601
               42.759998                      -7.2376278
                   42.77                      -7.1164914
               42.779999                      -6.9992192
               42.790001                      -6.8856851
               42.799999                      -6.7757702
               42.810001                      -6.6693558
                   42.82                      -6.5663291
               42.830002                      -6.4665797
                   42.84                      -6.3700021
               42.849998                      -6.2764916
               42.860001                      -6.1859487
               42.869999                       -6.098274
               42.880001                      -6.0133716
               42.889999                      -5.9311467
               42.900002                      -5.8515078
                   42.91                      -5.7743642
               42.919998                       -5.699627
                   42.93                      -5.6272091
               42.939999                      -5.5570243
               42.950001                      -5.4889882
               42.959999                      -5.4230157
               42.970001                      -5.3590265
                   42.98                      -5.2969388
               42.990002                      -5.2366711
                      43                      -5.1781462

