        Frequency / GHz                Z1,1/abs,linear
----------------------------------------------------------------------
                      33                       4.7233255
               33.009998                       4.8146022
                   33.02                       4.9043398
               33.029999                       4.9924718
               33.040001                       5.0789491
               33.049999                       5.1637344
               33.060001                       5.2467798
                   33.07                       5.3280639
               33.080002                       5.4075615
                   33.09                       5.4852677
               33.099998                       5.5611663
               33.110001                        5.635282
               33.119999                         5.70761
               33.130001                       5.7781797
               33.139999                       5.8470312
               33.150002                       5.9141931
                   33.16                       5.9797278
               33.169998                       6.0436923
                   33.18                       6.1061603
               33.189999                       6.1671971
               33.200001                         6.22691
               33.209999                       6.2853785
               33.220001                       6.3427218
                   33.23                       6.3990441
               33.240002                       6.4544672
                   33.25                       6.5091239
               33.259998                       6.5631436
                   33.27                       6.6166641
               33.279999                        6.669842
               33.290001                       6.7228188
               33.299999                       6.7757435
               33.310001                        6.828782
                   33.32                       6.8820876
               33.330002                       6.9358146
                   33.34                       6.9901266
               33.349998                       7.0451782
               33.360001                       7.1011276
               33.369999                       7.1581238
               33.380001                       7.2163116
               33.389999                       7.2758426
               33.400002                       7.3368404
                   33.41                       7.3994542
               33.419998                       7.4637878
                   33.43                       7.5299616
               33.439999                       7.5980875
               33.450001                       7.6682615
               33.459999                       7.7405608
               33.470001                       7.8150639
                   33.48                       7.8918462
               33.490002                        7.970954
                    33.5                       8.0524394
               33.509998                       8.1363347
                   33.52                       8.2226586
               33.529999                       8.3114233
               33.540001                       8.4026389
               33.549999                       8.4962986
               33.560001                       8.5923787
                   33.57                       8.6908676
               33.580002                       8.7917219
                   33.59                       8.8948957
               33.599998                       9.0003472
               33.610001                       9.1080194
               33.619999                       9.2178438
               33.630001                       9.3297573
               33.639999                       9.4436796
               33.650002                       9.5595413
                   33.66                       9.6772483
               33.669998                       9.7967136
                   33.68                       9.9178541
               33.689999                       10.040567
               33.700001                       10.164753
               33.709999                       10.290325
               33.720001                       10.417178
                   33.73                       10.545208
               33.740002                       10.674318
                   33.75                         10.8044
               33.759998                       10.935359
                   33.77                       11.067084
               33.779999                       11.199482
               33.790001                       11.332441
               33.799999                       11.465876
               33.810001                       11.599685
                   33.82                       11.733777
               33.830002                       11.868036
                   33.84                       12.002414
               33.849998                       12.136791
               33.860001                       12.271089
               33.869999                       12.405245
               33.880001                       12.539166
               33.889999                       12.672788
               33.900002                       12.806034
                   33.91                       12.938867
               33.919998                        13.07121
                   33.93                       13.203014
               33.939999                       13.334245
               33.950001                       13.464854
               33.959999                       13.594819
               33.970001                       13.724103
                   33.98                       13.852703
               33.990002                       13.980599
                      34                       14.107802
               34.009998                       14.234311
                   34.02                        14.36014
               34.029999                       14.485317
               34.040001                       14.609871
               34.049999                       14.733841
               34.060001                       14.857274
                   34.07                       14.980258
               34.080002                       15.102818
                   34.09                       15.225054
               34.099998                       15.347066
               34.110001                       15.468932
               34.119999                       15.590752
               34.130001                       15.712642
               34.139999                       15.834742
               34.150002                       15.957158
                   34.16                       16.080019
               34.169998                       16.203499
                   34.18                       16.327731
               34.189999                        16.45287
               34.200001                        16.57909
               34.209999                       16.706547
               34.220001                       16.835401
                   34.23                        16.96585
               34.240002                       17.098063
                   34.25                       17.232227
               34.259998                       17.368508
                   34.27                       17.507116
               34.279999                       17.648215
               34.290001                       17.792011
               34.299999                       17.938656
               34.310001                       18.088372
                   34.32                       18.241312
               34.330002                       18.397667
                   34.34                        18.55762
               34.349998                       18.721317
               34.360001                        18.88896
               34.369999                       19.060681
               34.380001                       19.236675
               34.389999                       19.417059
               34.400002                       19.602019
                   34.41                       19.791668
               34.419998                       19.986156
                   34.43                       20.185609
               34.439999                       20.390176
               34.450001                       20.599938
               34.459999                       20.815032
               34.470001                       21.035558
                   34.48                       21.261616
               34.490002                       21.493312
                    34.5                       21.730707
               34.509998                       21.973897
                   34.52                       22.222955
               34.529999                       22.477937
               34.540001                       22.738912
               34.549999                       23.005901
               34.560001                       23.279005
                   34.57                       23.558218
               34.580002                       23.843575
                   34.59                       24.135112
               34.599998                       24.432828
               34.610001                        24.73672
               34.619999                       25.046784
               34.630001                       25.363025
               34.639999                       25.685396
               34.650002                       26.013845
                   34.66                       26.348339
               34.669998                        26.68879
                   34.68                       27.035128
               34.689999                       27.387261
               34.700001                       27.745055
               34.709999                        28.10838
               34.720001                       28.477068
                   34.73                       28.850938
               34.740002                       29.229775
                   34.75                       29.613343
               34.759998                       30.001362
                   34.77                       30.393531
               34.779999                       30.789504
               34.790001                       31.188894
               34.799999                       31.591267
               34.810001                       31.996157
                   34.82                       32.403027
               34.830002                       32.811293
                   34.84                       33.220317
               34.849998                       33.629394
               34.860001                       34.037758
               34.869999                       34.444568
               34.880001                       34.848912
               34.889999                       35.249807
               34.900002                       35.646194
                   34.91                       36.036931
               34.919998                       36.420791
                   34.93                       36.796489
               34.939999                       37.162643
               34.950001                       37.517802
               34.959999                       37.860451
               34.970001                       38.189004
                   34.98                       38.501826
               34.990002                       38.797219
                      35                        39.07348
               35.009998                       39.328852
                   35.02                       39.561598
               35.029999                       39.769983
               35.040001                       39.952309
               35.049999                       40.106934
               35.060001                       40.232285
                   35.07                       40.326895
               35.080002                       40.389425
                   35.09                        40.41867
               35.099998                       40.413606
               35.110001                       40.373383
               35.119999                       40.297371
               35.130001                       40.185148
               35.139999                       40.036531
               35.150002                       39.851577
                   35.16                       39.630574
               35.169998                       39.374055
                   35.18                       39.082792
               35.189999                       38.757768
               35.200001                       38.400188
               35.209999                       38.011435
               35.220001                        37.59307
                   35.23                       37.146793
               35.240002                       36.674435
                   35.25                       36.177914
               35.259998                       35.659226
                   35.27                       35.120407
               35.279999                       34.563522
               35.290001                       33.990625
               35.299999                       33.403758
               35.310001                        32.80492
                   35.32                       32.196053
               35.330002                       31.579033
                   35.34                       30.955657
               35.349998                        30.32763
               35.360001                       29.696569
               35.369999                       29.063988
               35.380001                       28.431304
               35.389999                       27.799833
               35.400002                       27.170789
                   35.41                       26.545293
               35.419998                       25.924366
                   35.43                       25.308948
               35.439999                       24.699887
               35.450001                       24.097953
               35.459999                       23.503842
               35.470001                       22.918178
                   35.48                       22.341531
               35.490002                       21.774403
                    35.5                       21.217251
               35.509998                       20.670485
                   35.52                       20.134472
               35.529999                       19.609545
               35.540001                       19.096008
               35.549999                       18.594137
               35.560001                       18.104185
                   35.57                       17.626386
               35.580002                       17.160965
                   35.59                       16.708129
               35.599998                       16.268083
               35.610001                       15.841021
               35.619999                       15.427135
               35.630001                       15.026619
               35.639999                       14.639662
               35.650002                       14.266456
                   35.66                       13.907194
               35.669998                       13.562069
                   35.68                       13.231276
               35.689999                       12.915012
               35.700001                       12.613466
               35.709999                        12.32683
               35.720001                       12.055286
                   35.73                       11.799007
               35.740002                        11.55815
                   35.75                       11.332861
               35.759998                       11.123257
                   35.77                       10.929431
               35.779999                       10.751446
               35.790001                       10.589328
               35.799999                       10.443058
               35.810001                       10.312578
                   35.82                       10.197784
               35.830002                        10.09851
                   35.84                       10.014549
               35.849998                       9.9456393
               35.860001                       9.8914657
               35.869999                       9.8516599
               35.880001                       9.8258151
               35.889999                       9.8134727
               35.900002                       9.8141445
                   35.91                       9.8273021
               35.919998                       9.8523988
                   35.93                       9.8888594
               35.939999                       9.9361055
               35.950001                       9.9935327
               35.959999                       10.060546
               35.970001                        10.13656
                   35.98                       10.220982
               35.990002                       10.313242
                      36                       10.412778
               36.009998                       10.519049
                   36.02                       10.631541
               36.029999                       10.749746
               36.040001                         10.8732
               36.049999                       11.001454
               36.060001                        11.13407
                   36.07                       11.270665
               36.080002                       11.410853
                   36.09                        11.55429
               36.099998                       11.700643
               36.110001                       11.849616
               36.119999                       12.000928
               36.130001                       12.154317
               36.139999                       12.309542
               36.150002                       12.466393
                   36.16                       12.624656
               36.169998                       12.784172
                   36.18                       12.944754
               36.189999                       13.106263
               36.200001                       13.268569
               36.209999                       13.431541
               36.220001                       13.595087
                   36.23                       13.759102
               36.240002                       13.923513
                   36.25                       14.088245
               36.259998                       14.253248
                   36.27                       14.418462
               36.279999                       14.583848
               36.290001                       14.749384
               36.299999                       14.915043
               36.310001                       15.080799
                   36.32                       15.246663
               36.330002                       15.412615
                   36.34                       15.578671
               36.349998                       15.744839
               36.360001                       15.911134
               36.369999                       16.077576
               36.380001                       16.244178
               36.389999                       16.410994
               36.400002                       16.578025
                   36.41                       16.745326
               36.419998                       16.912932
                   36.43                       17.080881
               36.439999                       17.249205
               36.450001                       17.417965
               36.459999                       17.587194
               36.470001                       17.756942
                   36.48                       17.927262
               36.490002                        18.09819
                    36.5                       18.269781
               36.509998                       18.442078
                   36.52                       18.615139
               36.529999                       18.789002
               36.540001                       18.963714
               36.549999                       19.139325
               36.560001                       19.315884
                   36.57                       19.493421
               36.580002                       19.671989
                   36.59                       19.851628
               36.599998                       20.032375
               36.610001                       20.214275
               36.619999                       20.397351
               36.630001                       20.581651
               36.639999                       20.767195
               36.650002                       20.954014
                   36.66                       21.142153
               36.669998                       21.331635
                   36.68                       21.522467
               36.689999                       21.714688
               36.700001                       21.908306
               36.709999                       22.103363
               36.720001                       22.299849
                   36.73                       22.497801
               36.740002                       22.697225
                   36.75                       22.898122
               36.759998                       23.100507
                   36.77                       23.304392
               36.779999                       23.509791
               36.790001                       23.716705
               36.799999                       23.925121
               36.810001                       24.135068
                   36.82                       24.346531
               36.830002                       24.559511
                   36.84                       24.774024
               36.849998                        24.99003
               36.860001                       25.207578
               36.869999                       25.426609
               36.880001                       25.647176
               36.889999                       25.869238
               36.900002                       26.092816
                   36.91                       26.317865
               36.919998                       26.544419
                   36.93                        26.77245
               36.939999                       27.001997
               36.950001                       27.233004
               36.959999                       27.465482
               36.970001                       27.699451
                   36.98                       27.934884
               36.990002                        28.17178
                      37                       28.410155
               37.009998                       28.649998
                   37.02                       28.891329
               37.029999                       29.134123
               37.040001                       29.378393
               37.049999                       29.624168
               37.060001                       29.871431
                   37.07                       30.120209
               37.080002                       30.370496
                   37.09                       30.622306
               37.099998                       30.875675
               37.110001                       31.130609
               37.119999                       31.387108
               37.130001                       31.645223
               37.139999                       31.904951
               37.150002                       32.166343
                   37.16                       32.429444
               37.169998                       32.694242
                   37.18                        32.96079
               37.189999                       33.229139
               37.200001                       33.499308
               37.209999                       33.771354
               37.220001                       34.045301
                   37.23                       34.321236
               37.240002                       34.599148
                   37.25                       34.879175
               37.259998                         35.1613
                   37.27                        35.44563
               37.279999                       35.732225
               37.290001                       36.021079
               37.299999                        36.31237
               37.310001                       36.606101
                   37.32                       36.902333
               37.330002                       37.201184
                   37.34                       37.502741
               37.349998                       37.807046
               37.360001                         38.1142
               37.369999                       38.424297
               37.380001                        38.73741
               37.389999                       39.053651
               37.400002                       39.373105
                   37.41                       39.695863
               37.419998                       40.022038
                   37.43                        40.35172
               37.439999                       40.685014
               37.450001                       41.022034
               37.459999                       41.362875
               37.470001                       41.707653
                   37.48                       42.056483
               37.490002                       42.409475
                    37.5                       42.766741
               37.509998                       43.128402
                   37.52                       43.494574
               37.529999                       43.865377
               37.540001                       44.240931
               37.549999                       44.621366
               37.560001                       45.006805
                   37.57                       45.397367
               37.580002                        45.79318
                   37.59                       46.194377
               37.599998                       46.601091
               37.610001                        47.01344
               37.619999                       47.431568
               37.630001                       47.855603
               37.639999                       48.285682
               37.650002                       48.721942
                   37.66                       49.164514
               37.669998                       49.613538
                   37.68                       50.069157
               37.689999                       50.531507
               37.700001                       51.000729
               37.709999                        51.47697
               37.720001                       51.960362
                   37.73                       52.451068
               37.740002                       52.949222
                   37.75                       53.454966
               37.759998                       53.968458
                   37.77                        54.48984
               37.779999                       55.019262
               37.790001                       55.556877
               37.799999                       56.102836
               37.810001                       56.657302
                   37.82                       57.220411
               37.830002                       57.792329
                   37.84                       58.373211
               37.849998                        58.96322
               37.860001                       59.562502
               37.869999                       60.171229
               37.880001                       60.789547
               37.889999                       61.417634
               37.900002                        62.05563
                   37.91                       62.703721
               37.919998                       63.362053
                   37.93                       64.030793
               37.939999                       64.710105
               37.950001                       65.400157
               37.959999                       66.101099
               37.970001                       66.813113
                   37.98                       67.536333
               37.990002                       68.270938
                      38                       69.017092
               38.009998                       69.774942
                   38.02                       70.544633
               38.029999                       71.326331
               38.040001                        72.12018
               38.049999                       72.926324
               38.060001                       73.744897
                   38.07                       74.576035
               38.080002                       75.419862
                   38.09                       76.276494
               38.099998                       77.146039
               38.110001                       78.028608
               38.119999                       78.924267
               38.130001                       79.833092
               38.139999                       80.755155
               38.150002                       81.690488
                   38.16                       82.639107
               38.169998                       83.601006
                   38.18                       84.576177
               38.189999                       85.564564
               38.200001                       86.566082
               38.209999                       87.580624
               38.220001                       88.608024
                   38.23                       89.648112
               38.240002                       90.700636
                   38.25                       91.765324
               38.259998                       92.841827
                   38.27                       93.929763
               38.279999                       95.028673
               38.290001                       96.138029
               38.299999                       97.257225
               38.310001                       98.385563
                   38.32                        99.52231
               38.330002                       100.66655
                   38.34                       101.81738
               38.349998                       102.97366
               38.360001                       104.13426
               38.369999                       105.29782
               38.380001                       106.46294
               38.389999                       107.62803
               38.400002                       108.79135
                   38.41                       109.95107
               38.419998                       111.10517
                   38.43                       112.25147
               38.439999                       113.38766
               38.450001                       114.51122
               38.459999                       115.61949
               38.470001                        116.7097
                   38.48                       117.77886
               38.490002                       118.82386
                    38.5                       119.84147
               38.509998                       120.82831
                   38.52                       121.78086
               38.529999                       122.69554
               38.540001                       123.56877
               38.549999                       124.39677
               38.560001                       125.17587
                   38.57                       125.90235
               38.580002                       126.57256
                   38.59                       127.18297
               38.599998                       127.73011
               38.610001                       128.21068
               38.619999                       128.62164
               38.630001                       128.96018
               38.639999                       129.22371
               38.650002                       129.41004
                   38.66                       129.51727
               38.669998                       129.54401
                   38.68                       129.48909
               38.689999                        129.3519
               38.700001                       129.13228
               38.709999                       128.83049
               38.720001                       128.44718
                   38.73                       127.98355
               38.740002                       127.44116
                   38.75                       126.82205
               38.759998                       126.12856
                   38.77                       125.36338
               38.779999                       124.52964
               38.790001                        123.6306
               38.799999                       122.66987
               38.810001                       121.65116
                   38.82                       120.57841
               38.830002                       119.45563
                   38.84                        118.2869
               38.849998                       117.07633
               38.860001                       115.82802
               38.869999                       114.54603
               38.880001                       113.23432
               38.889999                       111.89681
               38.900002                       110.53724
                   38.91                       109.15922
               38.919998                       107.76621
                   38.93                        106.3615
               38.939999                       104.94817
               38.950001                       103.52914
               38.959999                       102.10715
               38.970001                       100.68472
                   38.98                       99.264209
               38.990002                       97.847753
                      39                       96.437325
               39.009998                       95.034737
                   39.02                       93.641599
               39.029999                       92.259387
               39.040001                       90.889393
               39.049999                        89.53279
               39.060001                       88.190604
                   39.07                        86.86373
               39.080002                       85.552931
                   39.09                        84.25889
               39.099998                       82.982152
               39.110001                       81.723205
               39.119999                       80.482399
               39.130001                       79.260001
               39.139999                       78.056321
               39.150002                       76.871454
                   39.16                       75.705533
               39.169998                       74.558554
                   39.18                       73.430554
               39.189999                       72.321481
               39.200001                        71.23124
               39.209999                       70.159692
               39.220001                       69.106684
                   39.23                       68.072062
               39.240002                       67.055606
                   39.25                        66.05711
               39.259998                       65.076293
                   39.27                       64.112922
               39.279999                       63.166719
               39.290001                       62.237411
               39.299999                         61.3247
               39.310001                       60.428297
                   39.32                       59.547901
               39.330002                         58.6832
                   39.34                       57.833856
               39.349998                       56.999632
               39.360001                       56.180133
               39.369999                       55.375112
               39.380001                       54.584234
               39.389999                        53.80717
               39.400002                       53.043656
                   39.41                        52.29334
               39.419998                        51.55597
                   39.43                       50.831221
               39.439999                       50.118812
               39.450001                       49.418453
               39.459999                       48.729865
               39.470001                       48.052759
                   39.48                       47.386871
               39.490002                       46.731941
                    39.5                       46.087695
               39.509998                       45.453885
                   39.52                       44.830255
               39.529999                       44.216561
               39.540001                       43.612569
               39.549999                       43.018042
               39.560001                       42.432755
                   39.57                       41.856476
               39.580002                       41.289008
                   39.59                       40.730119
               39.599998                       40.179625
               39.610001                       39.637312
               39.619999                       39.102991
               39.630001                       38.576475
               39.639999                       38.057575
               39.650002                       37.546126
                   39.66                       37.041946
               39.669998                       36.544872
                   39.68                       36.054739
               39.689999                        35.57139
               39.700001                       35.094675
               39.709999                       34.624449
               39.720001                       34.160571
                   39.73                       33.702894
               39.740002                       33.251292
                   39.75                       32.805634
               39.759998                       32.365798
                   39.77                       31.931661
               39.779999                       31.503112
               39.790001                        31.08003
               39.799999                       30.662318
               39.810001                       30.249867
                   39.82                       29.842582
               39.830002                       29.440355
                   39.84                       29.043107
               39.849998                       28.650743
               39.860001                       28.263178
               39.869999                       27.880326
               39.880001                       27.502121
               39.889999                       27.128472
               39.900002                       26.759316
                   39.91                       26.394585
               39.919998                       26.034212
                   39.93                       25.678131
               39.939999                       25.326282
               39.950001                       24.978614
               39.959999                       24.635068
               39.970001                       24.295591
                   39.98                       23.960136
               39.990002                       23.628655
                      40                       23.301106
               40.009998                       22.977448
                   40.02                       22.657643
               40.029999                       22.341656
               40.040001                       22.029444
               40.049999                       21.720984
               40.060001                        21.41624
                   40.07                       21.115193
               40.080002                       20.817809
                   40.09                       20.524069
               40.099998                        20.23396
               40.110001                       19.947453
               40.119999                       19.664531
               40.130001                        19.38519
               40.139999                       19.109409
               40.150002                       18.837177
                   40.16                       18.568494
               40.169998                       18.303342
                   40.18                       18.041733
               40.189999                       17.783652
               40.200001                       17.529106
               40.209999                       17.278088
               40.220001                       17.030616
                   40.23                       16.786693
               40.240002                       16.546316
                   40.25                       16.309509
               40.259998                       16.076279
                   40.27                       15.846642
               40.279999                       15.620617
               40.290001                       15.398223
               40.299999                       15.179475
               40.310001                       14.964411
                   40.32                       14.753046
               40.330002                       14.545415
                   40.34                       14.341547
               40.349998                       14.141477
               40.360001                       13.945243
               40.369999                        13.75288
               40.380001                       13.564428
               40.389999                       13.379937
               40.400002                       13.199449
                   40.41                       13.023012
               40.419998                       12.850679
                   40.43                       12.682506
               40.439999                       12.518548
               40.450001                       12.358863
               40.459999                        12.20351
               40.470001                       12.052556
                   40.48                       11.906062
               40.490002                       11.764106
                    40.5                       11.626744
               40.509998                       11.494051
                   40.52                       11.366105
               40.529999                       11.242981
               40.540001                       11.124745
               40.549999                       11.011483
               40.560001                       10.903263
                   40.57                       10.800167
               40.580002                       10.702269
                   40.59                       10.609647
               40.599998                       10.522375
               40.610001                       10.440529
               40.619999                       10.364176
               40.630001                       10.293391
               40.639999                       10.228238
               40.650002                        10.16878
                   40.66                       10.115081
               40.669998                       10.067192
                   40.68                       10.025169
               40.689999                       9.9890577
               40.700001                       9.9588987
               40.709999                       9.9347264
               40.720001                       9.9165745
                   40.73                        9.904465
               40.740002                       9.8984113
                   40.75                       9.8984321
               40.759998                       9.9045222
                   40.77                       9.9166865
               40.779999                       9.9349144
               40.790001                       9.9591888
               40.799999                       9.9894854
               40.810001                       10.025781
                   40.82                       10.068037
               40.830002                       10.116215
                   40.84                       10.170271
               40.849998                       10.230155
               40.860001                       10.295811
               40.869999                       10.367182
               40.880001                       10.444203
               40.889999                        10.52681
               40.900002                       10.614939
                   40.91                       10.708512
               40.919998                       10.807465
                   40.93                       10.911722
               40.939999                       11.021202
               40.950001                       11.135842
               40.959999                       11.255559
               40.970001                       11.380285
                   40.98                       11.509944
               40.990002                       11.644458
                      41                       11.783762
               41.009998                       11.927779
                   41.02                       12.076445
               41.029999                         12.2297
               41.040001                       12.387463
               41.049999                       12.549687
               41.060001                       12.716303
                   41.07                       12.887264
               41.080002                       13.062504
                   41.09                       13.241976
               41.099998                       13.425631
               41.110001                       13.613418
               41.119999                       13.805301
               41.130001                       14.001238
               41.139999                       14.201185
               41.150002                       14.405113
                   41.16                       14.612983
               41.169998                       14.824768
                   41.18                       15.040448
               41.189999                       15.259989
               41.200001                       15.483373
               41.209999                       15.710586
               41.220001                        15.94161
                   41.23                       16.176424
               41.240002                       16.415024
                   41.25                       16.657406
               41.259998                       16.903553
                   41.27                       17.153466
               41.279999                       17.407137
               41.290001                       17.664582
               41.299999                       17.925791
               41.310001                       18.190773
                   41.32                       18.459545
               41.330002                       18.732083
                   41.34                       19.008425
               41.349998                       19.288575
               41.360001                       19.572552
               41.369999                        19.86037
               41.380001                        20.15203
               41.389999                        20.44755
               41.400002                        20.74697
                   41.41                       21.050286
               41.419998                       21.357527
                   41.43                       21.668716
               41.439999                       21.983859
               41.450001                       22.302991
               41.459999                       22.626117
               41.470001                       22.953279
                   41.48                       23.284458
               41.490002                        23.61971
                    41.5                       23.959027
               41.509998                       24.302424
                   41.52                       24.649931
               41.529999                       25.001547
               41.540001                       25.357256
               41.549999                       25.717105
               41.560001                       26.081058
                   41.57                       26.449124
               41.580002                       26.821293
                   41.59                       27.197539
               41.599998                       27.577855
               41.610001                       27.962207
               41.619999                       28.350551
               41.630001                        28.74285
               41.639999                       29.139027
               41.650002                       29.539037
                   41.66                       29.942797
               41.669998                       30.350222
                   41.68                       30.761191
               41.689999                       31.175596
               41.700001                       31.593294
               41.709999                       32.014141
               41.720001                       32.437949
                   41.73                       32.864534
               41.740002                       33.293659
                   41.75                       33.725111
               41.759998                        34.15862
                   41.77                        34.59387
               41.779999                       35.030558
               41.790001                       35.468327
               41.799999                       35.906776
               41.810001                       36.345484
                   41.82                       36.784014
               41.830002                       37.221848
                   41.84                       37.658463
               41.849998                       38.093263
               41.860001                       38.525643
               41.869999                       38.954942
               41.880001                       39.380451
               41.889999                         39.8014
               41.900002                       40.217016
                   41.91                       40.626455
               41.919998                       41.028803
                   41.93                       41.423145
               41.939999                       41.808514
               41.950001                       42.183911
               41.959999                       42.548248
               41.970001                       42.900479
                   41.98                       43.239491
               41.990002                       43.564163
                      42                       43.873332
               42.009998                       44.165847
                   42.02                       44.440563
               42.029999                       44.696325
               42.040001                       44.931999
               42.049999                       45.146476
               42.060001                       45.338683
                   42.07                       45.507604
               42.080002                       45.652273
                   42.09                        45.77178
               42.099998                       45.865305
               42.110001                       45.932121
               42.119999                       45.971582
               42.130001                       45.983167
               42.139999                       45.966449
               42.150002                       45.921136
                   42.16                       45.847054
               42.169998                        45.74416
                   42.18                       45.612539
               42.189999                       45.452401
               42.200001                       45.264096
               42.209999                       45.048087
               42.220001                       44.804966
                   42.23                       44.535434
               42.240002                       44.240301
                   42.25                       43.920475
               42.259998                       43.576951
                   42.27                       43.210802
               42.279999                       42.823172
               42.290001                       42.415251
               42.299999                       41.988286
               42.310001                       41.543543
                   42.32                       41.082319
               42.330002                       40.605929
                   42.34                       40.115672
               42.349998                       39.612855
               42.360001                       39.098756
               42.369999                       38.574647
               42.380001                       38.041746
               42.389999                       37.501258
               42.400002                       36.954345
                   42.41                       36.402112
               42.419998                       35.845615
                   42.43                       35.285861
               42.439999                        34.72384
               42.450001                       34.160438
               42.459999                       33.596505
               42.470001                       33.032865
                   42.48                       32.470252
               42.490002                       31.909363
                    42.5                       31.350852
               42.509998                       30.795327
                   42.52                       30.243336
               42.529999                       29.695367
               42.540001                        29.15193
               42.549999                       28.613424
               42.560001                       28.080236
                   42.57                       27.552741
               42.580002                       27.031232
                   42.59                       26.516022
               42.599998                       26.007361
               42.610001                       25.505491
               42.619999                       25.010602
               42.630001                       24.522919
               42.639999                        24.04257
               42.650002                       23.569726
                   42.66                       23.104495
               42.669998                       22.647025
                   42.68                       22.197407
               42.689999                       21.755696
               42.700001                       21.322014
               42.709999                       20.896392
               42.720001                       20.478912
                   42.73                       20.069607
               42.740002                       19.668521
                   42.75                       19.275686
               42.759998                       18.891135
                   42.77                       18.514878
               42.779999                       18.146949
               42.790001                       17.787343
               42.799999                       17.436075
               42.810001                       17.093143
                   42.82                       16.758556
               42.830002                       16.432304
                   42.84                       16.114395
               42.849998                        15.80477
               42.860001                       15.503464
               42.869999                       15.210431
               42.880001                       14.925646
               42.889999                       14.649088
               42.900002                       14.380718
                   42.91                       14.120504
               42.919998                       13.868394
                   42.93                       13.624341
               42.939999                       13.388281
               42.950001                       13.160163
               42.959999                       12.939902
               42.970001                        12.72745
                   42.98                         12.5227
               42.990002                        12.32557
                      43                       12.135965

