                        S1,1 (40.24 Ohm)/abs,linear                S1,1 (40.24 Ohm)/arg,degrees
----------------------------------------------------------------------------------------------------------------
                      33                      0.94571522                       166.99116
               33.009998                      0.94402829                        166.7518
                   33.02                      0.94231145                       166.51763
               33.029999                      0.94057128                       166.28877
               33.040001                      0.93881464                       166.06526
               33.049999                      0.93704822                       165.84712
               33.060001                      0.93527874                       165.63438
                   33.07                      0.93351286                       165.42702
               33.080002                      0.93175733                       165.22498
                   33.09                      0.93001863                       165.02818
               33.099998                      0.92830302                       164.83653
               33.110001                      0.92661675                       164.64986
               33.119999                      0.92496596                       164.46806
               33.130001                      0.92335631                       164.29091
               33.139999                      0.92179329                       164.11819
               33.150002                      0.92028221                       163.94969
                   33.16                      0.91882801                       163.78511
               33.169998                       0.9174353                       163.62418
                   33.18                      0.91610814                       163.46658
               33.189999                      0.91485075                       163.31201
               33.200001                      0.91366628                       163.16008
               33.209999                      0.91255799                       163.01047
               33.220001                      0.91152848                       162.86276
                   33.23                      0.91057979                       162.71659
               33.240002                       0.9097139                       162.57156
                   33.25                      0.90893205                       162.42724
               33.259998                      0.90823497                       162.28323
                   33.27                       0.9076231                       162.13913
               33.279999                      0.90709646                       161.99448
               33.290001                      0.90665446                       161.84889
               33.299999                      0.90629601                       161.70196
               33.310001                      0.90601984                       161.55325
                   33.32                      0.90582405                       161.40238
               33.330002                      0.90570641                       161.24898
                   33.34                       0.9056642                       161.09265
               33.349998                      0.90569437                       160.93304
               33.360001                      0.90579358                        160.7698
               33.369999                      0.90595797                       160.60261
               33.380001                       0.9061836                       160.43117
               33.389999                      0.90646606                       160.25517
               33.400002                      0.90680069                       160.07439
                   33.41                      0.90718271                       159.88853
               33.419998                      0.90760693                       159.69742
                   33.43                      0.90806806                       159.50086
               33.439999                      0.90856079                       159.29866
               33.450001                      0.90907943                       159.09068
               33.459999                      0.90961839                       158.87683
               33.470001                      0.91017198                         158.657
                   33.48                      0.91073434                       158.43112
               33.490002                      0.91129969                       158.19915
                    33.5                      0.91186222                       157.96106
               33.509998                      0.91241619                       157.71687
                   33.52                      0.91295593                       157.46661
               33.529999                      0.91347581                       157.21034
               33.540001                      0.91397036                       156.94812
               33.549999                      0.91443416                       156.68003
               33.560001                      0.91486207                       156.40622
                   33.57                      0.91524892                       156.12679
               33.580002                      0.91558996                        155.8419
                   33.59                      0.91588063                       155.55174
               33.599998                      0.91611642                       155.25647
               33.610001                      0.91629314                        154.9563
               33.619999                      0.91640702                       154.65144
               33.630001                       0.9164542                       154.34211
               33.639999                      0.91643156                       154.02857
               33.650002                      0.91633588                       153.71102
                   33.66                      0.91616442                       153.38975
               33.669998                      0.91591471                       153.06503
                   33.68                      0.91558471                        152.7371
               33.689999                      0.91517249                       152.40626
               33.700001                      0.91467651                        152.0728
               33.709999                      0.91409561                       151.73697
               33.720001                        0.913429                       151.39906
                   33.73                      0.91267605                       151.05939
               33.740002                      0.91183671                       150.71821
                   33.75                      0.91091089                       150.37582
               33.759998                      0.90989919                        150.0325
                   33.77                      0.90880225                       149.68854
               33.779999                      0.90762113                        149.3442
               33.790001                      0.90635722                       148.99979
               33.799999                      0.90501219                       148.65552
               33.810001                      0.90358787                       148.31167
                   33.82                      0.90208658                       147.96848
               33.830002                      0.90051076                       147.62625
                   33.84                      0.89886303                       147.28509
               33.849998                      0.89714638                       146.94532
               33.860001                       0.8953641                       146.60711
               33.869999                      0.89351952                       146.27063
               33.880001                      0.89161619                       145.93609
               33.889999                      0.88965785                       145.60363
               33.900002                      0.88764851                       145.27344
                   33.91                      0.88559211                       144.94556
               33.919998                      0.88349289                       144.62017
                   33.93                      0.88135516                       144.29736
               33.939999                      0.87918322                       143.97718
               33.950001                      0.87698158                        143.6597
               33.959999                      0.87475457                       143.34493
               33.970001                      0.87250672                       143.03293
                   33.98                      0.87024255                       142.72363
               33.990002                      0.86796648                       142.41705
                      34                      0.86568275                        142.1131
               34.009998                      0.86339587                       141.81171
                   34.02                      0.86111003                       141.51279
               34.029999                      0.85882927                       141.21621
               34.040001                      0.85655754                       140.92184
               34.049999                      0.85429867                       140.62951
               34.060001                      0.85205622                       140.33905
                   34.07                       0.8498336                       140.05017
               34.080002                      0.84763399                       139.76276
                   34.09                      0.84546018                       139.47651
               34.099998                      0.84331499                        139.1911
               34.110001                      0.84120067                       138.90631
               34.119999                      0.83911941                       138.62183
               34.130001                      0.83707279                       138.33734
               34.139999                      0.83506233                       138.05245
               34.150002                      0.83308895                       137.76687
                   34.16                      0.83115356                       137.48026
               34.169998                      0.82925633                       137.19216
                   34.18                      0.82739749                       136.90225
               34.189999                      0.82557631                       136.61013
               34.200001                      0.82379226                        136.3154
               34.209999                      0.82204417                       136.01767
               34.220001                      0.82033034                       135.71658
                   34.23                      0.81864911                       135.41168
               34.240002                      0.81699803                        135.1026
                   34.25                      0.81537446                       134.78893
               34.259998                       0.8137754                       134.47034
                   34.27                      0.81219745                       134.14636
               34.279999                        0.810637                       133.81671
               34.290001                      0.80908991                       133.48095
               34.299999                      0.80755187                       133.13883
               34.310001                      0.80601825                       132.78991
                   34.32                      0.80448407                       132.43395
               34.330002                       0.8029441                       132.07061
                   34.34                      0.80139308                       131.69959
               34.349998                      0.79982504                       131.32067
               34.360001                      0.79823423                       130.93354
               34.369999                      0.79661455                       130.53803
               34.380001                      0.79495988                       130.13384
               34.389999                      0.79326366                       129.72088
               34.400002                      0.79151938                       129.29888
                   34.41                      0.78972052                       128.86776
               34.419998                      0.78786037                       128.42736
                   34.43                      0.78593199                        127.9776
               34.439999                      0.78392874                       127.51831
               34.450001                      0.78184369                       127.04952
               34.459999                      0.77967016                       126.57113
               34.470001                      0.77740114                       126.08314
                   34.48                      0.77503005                       125.58551
               34.490002                      0.77255014                       125.07825
                    34.5                      0.76995468                       124.56144
               34.509998                      0.76723714                       124.03509
                   34.52                       0.7643913                       123.49927
               34.529999                      0.76141064                        122.9541
               34.540001                      0.75828914                       122.39965
               34.549999                      0.75502079                       121.83612
               34.560001                      0.75159979                       121.26352
                   34.57                      0.74802042                       120.68209
               34.580002                      0.74427726                       120.09201
                   34.59                      0.74036514                       119.49341
               34.599998                      0.73627901                       118.88653
               34.610001                      0.73201405                       118.27161
               34.619999                      0.72756589                       117.64886
               34.630001                      0.72292998                       117.01849
               34.639999                      0.71810244                        116.3808
               34.650002                      0.71307952                       115.73608
                   34.66                      0.70785754                       115.08459
               34.669998                      0.70243347                       114.42666
                   34.68                      0.69680416                       113.76261
               34.689999                      0.69096699                       113.09273
               34.700001                      0.68491967                       112.41741
               34.709999                      0.67865988                       111.73701
               34.720001                      0.67218602                        111.0519
                   34.73                      0.66549651                        110.3625
               34.740002                      0.65859014                       109.66921
                   34.75                      0.65146594                       108.97247
               34.759998                      0.64412337                       108.27275
                   34.77                      0.63656207                       107.57052
               34.779999                      0.62878207                       106.86628
               34.790001                      0.62078354                       106.16057
               34.799999                      0.61256728                       105.45394
               34.810001                      0.60413408                       104.74698
                   34.82                      0.59548518                        104.0403
               34.830002                        0.586622                       103.33459
                   34.84                      0.57754652                       102.63052
               34.849998                       0.5682607                       101.92884
               34.860001                      0.55876712                       101.23034
               34.869999                      0.54906846                       100.53588
               34.880001                      0.53916778                       99.846369
               34.889999                      0.52906837                       99.162783
               34.900002                      0.51877393                       98.486178
                   34.91                      0.50828858                         97.8177
               34.919998                      0.49761642                       97.158615
                   34.93                      0.48676232                       96.510252
               34.939999                      0.47573112                       95.874116
               34.950001                      0.46452827                       95.251837
               34.959999                      0.45315941                       94.645207
               34.970001                      0.44163063                        94.05622
                   34.98                      0.42994843                       93.487074
               34.990002                      0.41811974                       92.940255
                      35                      0.40615195                       92.418484
               35.009998                      0.39405292                       91.924886
                   35.02                      0.38183108                        91.46294
               35.029999                      0.36949554                       91.036614
               35.040001                      0.35705599                       90.650414
               35.049999                      0.34452294                       90.309492
               35.060001                      0.33190789                        90.01979
                   35.07                      0.31922329                       89.788151
               35.080002                      0.30648286                       89.622512
                   35.09                      0.29370178                       89.532155
               35.099998                      0.28089702                       89.527927
               35.110001                      0.26808778                       89.622655
               35.119999                      0.25529576                       89.831474
               35.130001                      0.24254608                       90.172437
               35.139999                       0.2298679                       90.667093
               35.150002                      0.21729552                       91.341274
                   35.16                      0.20486992                        92.22607
               35.169998                      0.19264034                       93.358871
                   35.18                      0.18066679                       94.784529
               35.189999                      0.16902306                       96.556581
               35.200001                      0.15780042                       98.737946
               35.209999                      0.14711213                       101.40081
               35.220001                      0.13709847                       104.62424
                   35.23                       0.1279311                       108.48792
               35.240002                      0.11981508                       113.05932
                   35.25                      0.11298493                        118.3724
               35.259998                      0.10768988                       124.39862
                   35.27                      0.10416484                       131.01856
               35.279999                      0.10258907                       138.01129
               35.290001                      0.10304477                       145.07927
               35.299999                      0.10549481                       151.90823
               35.310001                       0.1097918                       158.23576
                   35.32                      0.11571368                       163.89431
               35.330002                      0.12300739                       168.81565
                   35.34                      0.13142454                       173.00834
               35.349998                      0.14074234                       176.52729
               35.360001                      0.15077158                       179.44858
               35.369999                      0.16135678                       181.85264
               35.380001                       0.1723722                       183.81535
               35.389999                      0.18371689                       185.40409
               35.400002                      0.19530977                       186.67675
                   35.41                      0.20708542                       187.68206
               35.419998                      0.21899072                       188.46075
                   35.43                      0.23098204                       189.04673
               35.439999                      0.24302329                       189.46812
               35.450001                      0.25508432                       189.74836
               35.459999                      0.26713955                       189.90703
               35.470001                       0.2791673                       189.96054
                   35.48                      0.29114871                       189.92271
               35.490002                       0.3030675                       189.80523
                    35.5                      0.31490939                       189.61807
               35.509998                      0.32666169                        189.3697
                   35.52                      0.33831321                       189.06744
               35.529999                      0.34985394                       188.71761
               35.540001                      0.36127476                       188.32564
               35.549999                      0.37256757                        187.8963
               35.560001                      0.38372495                       187.43376
                   35.57                      0.39474028                       186.94168
               35.580002                       0.4056074                       186.42329
                   35.59                      0.41632077                       185.88144
               35.599998                      0.42687531                       185.31867
               35.610001                      0.43726648                       184.73727
               35.619999                      0.44749005                       184.13925
               35.630001                      0.45754221                       183.52646
               35.639999                      0.46741956                       182.90051
               35.650002                      0.47711897                       182.26294
                   35.66                      0.48663773                       181.61504
               35.669998                       0.4959734                        180.9581
                   35.68                      0.50512379                        180.2932
               35.689999                      0.51408704                       179.62139
               35.700001                       0.5228616                       178.94361
               35.709999                      0.53144609                       178.26071
               35.720001                      0.53983944                        177.5735
                   35.73                      0.54804088                       176.88271
               35.740002                      0.55604985                       176.18905
                   35.75                      0.56386588                        175.4931
               35.759998                      0.57148902                        174.7955
                   35.77                      0.57891929                       174.09677
               35.779999                      0.58615706                       173.39743
               35.790001                       0.5932028                       172.69793
               35.799999                      0.60005731                       171.99878
               35.810001                      0.60672159                       171.30032
                   35.82                      0.61319666                       170.60298
               35.830002                      0.61948389                       169.90713
                   35.84                      0.62558484                        169.2131
               35.849998                      0.63150116                        168.5212
               35.860001                      0.63723468                       167.83175
               35.869999                      0.64278752                       167.14503
               35.880001                      0.64816182                       166.46129
               35.889999                      0.65335992                        165.7808
               35.900002                      0.65838426                       165.10377
                   35.91                      0.66323758                       164.43044
               35.919998                      0.66792259                       163.76098
                   35.93                      0.67244217                       163.09562
               35.939999                      0.67679929                       162.43448
               35.950001                      0.68099723                       161.77777
               35.959999                      0.68503916                       161.12564
               35.970001                      0.68892838                       160.47819
                   35.98                      0.69266836                       159.83558
               35.990002                       0.6962626                        159.1979
                      36                      0.69971474                       158.56527
               36.009998                      0.70302853                       157.93777
                   36.02                      0.70620749                       157.31548
               36.029999                      0.70925557                        156.6985
               36.040001                      0.71217661                       156.08684
               36.049999                      0.71497438                       155.48057
               36.060001                      0.71765295                       154.87974
                   36.07                      0.72021618                       154.28436
               36.080002                      0.72266792                       153.69446
                   36.09                      0.72501229                       153.11004
               36.099998                       0.7272532                       152.53111
               36.110001                      0.72939456                       151.95765
               36.119999                       0.7314404                       151.38963
               36.130001                       0.7333945                       150.82704
               36.139999                      0.73526081                       150.26983
               36.150002                      0.73704318                       149.71795
                   36.16                      0.73874547                       149.17137
               36.169998                      0.74037127                       148.62997
                   36.18                      0.74192444                       148.09373
               36.189999                      0.74340852                       147.56255
               36.200001                      0.74482697                       147.03632
               36.209999                      0.74618342                       146.51499
               36.220001                      0.74748105                       145.99841
                   36.23                      0.74872336                        145.4865
               36.240002                      0.74991338                       144.97913
                   36.25                      0.75105429                       144.47618
               36.259998                      0.75214898                       143.97751
                   36.27                      0.75320043                         143.483
               36.279999                       0.7542113                       142.99252
               36.290001                       0.7551843                        142.5059
               36.299999                      0.75612178                       142.02301
               36.310001                      0.75702638                       141.54371
                   36.32                      0.75790009                        141.0678
               36.330002                      0.75874528                       140.59518
                   36.34                      0.75956378                       140.12566
               36.349998                      0.76035752                       139.65908
               36.360001                      0.76112828                       139.19527
               36.369999                      0.76187745                       138.73408
               36.380001                      0.76260681                       138.27536
               36.389999                      0.76331747                        137.8189
               36.400002                      0.76401081                        137.3646
                   36.41                      0.76468776                       136.91225
               36.419998                      0.76534922                        136.4617
                   36.43                      0.76599627                       136.01279
               36.439999                      0.76662937                        135.5654
               36.450001                      0.76724938                       135.11932
               36.459999                      0.76785645                       134.67445
               36.470001                      0.76845126                       134.23061
                   36.48                      0.76903384                       133.78765
               36.490002                      0.76960448                       133.34547
                    36.5                      0.77016322                       132.90391
               36.509998                      0.77070998                       132.46286
                   36.52                      0.77124468                       132.02216
               36.529999                      0.77176715                       131.58173
               36.540001                      0.77227709                       131.14144
               36.549999                      0.77277411                       130.70117
               36.560001                      0.77325784                       130.26083
                   36.57                      0.77372783                       129.82034
               36.580002                      0.77418356                       129.37959
                   36.59                      0.77462447                        128.9385
               36.599998                      0.77504987                       128.49699
               36.610001                      0.77545918                       128.05498
               36.619999                      0.77585172                       127.61244
               36.630001                      0.77622675                       127.16927
               36.639999                      0.77658358                       126.72545
               36.650002                      0.77692156                       126.28092
                   36.66                      0.77723979                       125.83562
               36.669998                      0.77753756                       125.38951
                   36.68                      0.77781422                       124.94261
               36.689999                      0.77806896                       124.49485
               36.700001                      0.77830104                       124.04625
               36.709999                      0.77850978                       123.59673
               36.720001                      0.77869457                       123.14634
                   36.73                      0.77885455                       122.69505
               36.740002                      0.77898926                       122.24285
                   36.75                      0.77909796                       121.78977
               36.759998                      0.77918016                       121.33583
                   36.77                      0.77923529                         120.881
               36.779999                      0.77926293                       120.42531
               36.790001                      0.77926249                       119.96876
               36.799999                      0.77923364                       119.51143
               36.810001                        0.779176                       119.05327
                   36.82                      0.77908929                       118.59435
               36.830002                      0.77897313                       118.13469
                   36.84                      0.77882749                        117.6743
               36.849998                      0.77865202                       117.21327
               36.860001                      0.77844673                       116.75154
               36.869999                      0.77821152                       116.28926
               36.880001                      0.77794643                       115.82634
               36.889999                       0.7776514                       115.36289
               36.900002                      0.77732658                        114.8989
                   36.91                       0.7769721                       114.43449
               36.919998                      0.77658818                       113.96962
                   36.93                      0.77617514                       113.50435
               36.939999                      0.77573317                       113.03865
               36.950001                      0.77526267                       112.57264
               36.959999                      0.77476395                       112.10634
               36.970001                       0.7742375                       111.63972
                   36.98                      0.77368385                       111.17287
               36.990002                      0.77310345                        110.7058
                      37                      0.77249677                       110.23851
               37.009998                      0.77186454                       109.77104
                   37.02                      0.77120734                       109.30339
               37.029999                       0.7705258                       108.83562
               37.040001                      0.76982059                       108.36772
               37.049999                      0.76909238                       107.89967
               37.060001                      0.76834194                       107.43153
                   37.07                      0.76757011                       106.96327
               37.080002                      0.76677745                       106.49492
                   37.09                      0.76596484                       106.02647
               37.099998                      0.76513295                        105.5579
               37.110001                      0.76428276                       105.08922
               37.119999                      0.76341496                       104.62044
               37.130001                      0.76253033                       104.15151
               37.139999                      0.76162968                       103.68245
               37.150002                      0.76071386                       103.21321
                   37.16                      0.75978356                       102.74373
               37.169998                      0.75883957                       102.27406
                   37.18                      0.75788266                       101.80415
               37.189999                      0.75691358                       101.33394
               37.200001                      0.75593311                       100.86342
               37.209999                      0.75494188                       100.39253
               37.220001                      0.75394058                       99.921276
                   37.23                      0.75292991                       99.449536
               37.240002                      0.75191049                       98.977371
                   37.25                      0.75088295                       98.504592
               37.259998                      0.74984774                       98.031267
                   37.27                      0.74880554                       97.557265
               37.279999                      0.74775677                       97.082533
               37.290001                      0.74670199                       96.607132
               37.299999                      0.74564158                       96.130815
               37.310001                      0.74457595                       95.653637
                   37.32                      0.74350545                       95.175552
               37.330002                      0.74243044                       94.696427
                   37.34                      0.74135123                       94.216183
               37.349998                      0.74026803                       93.734818
               37.360001                      0.73918092                       93.252238
               37.369999                      0.73809025                        92.76836
               37.380001                      0.73699615                       92.283143
               37.389999                      0.73589858                       91.796486
               37.400002                      0.73479759                       91.308332
                   37.41                      0.73369338                       90.818621
               37.419998                       0.7325857                       90.327264
                   37.43                      0.73147466                       89.834206
               37.439999                      0.73036006                        89.33938
               37.450001                      0.72924177                       88.842702
               37.459999                      0.72811968                       88.344126
               37.470001                       0.7269936                       87.843575
                   37.48                      0.72586315                       87.340982
               37.490002                       0.7247283                       86.836286
                    37.5                      0.72358866                       86.329431
               37.509998                      0.72244398                        85.82035
                   37.52                      0.72129378                       85.308987
               37.529999                      0.72013792                       84.795289
               37.540001                      0.71897581                         84.2792
               37.549999                      0.71780727                       83.760658
               37.560001                      0.71663182                       83.239618
                   37.57                      0.71544901                       82.716035
               37.580002                      0.71425855                       82.189866
                   37.59                      0.71305985                       81.661059
               37.599998                       0.7118525                       81.129568
               37.610001                      0.71063612                       80.595372
               37.619999                      0.70941025                       80.058416
               37.630001                       0.7081745                       79.518675
               37.639999                      0.70692822                       78.976111
               37.650002                      0.70567125                       78.430693
                   37.66                      0.70440307                       77.882401
               37.669998                      0.70312308                       77.331203
                   37.68                      0.70183111                       76.777076
               37.689999                      0.70052663                       76.220001
               37.700001                      0.69920924                       75.659958
               37.709999                      0.69787872                       75.096925
               37.720001                      0.69653449                       74.530901
                   37.73                       0.6951764                       73.961851
               37.740002                      0.69380409                       73.389776
                   37.75                      0.69241718                       72.814671
               37.759998                      0.69101546                       72.236517
                   37.77                      0.68959866                       71.655316
               37.779999                      0.68816661                       71.071061
               37.790001                      0.68671913                       70.483748
               37.799999                       0.6852559                       69.893374
               37.810001                      0.68377686                       69.299926
                   37.82                      0.68228183                       68.703424
               37.830002                      0.68077088                       68.103858
                   37.84                      0.67924378                       67.501229
               37.849998                      0.67770055                       66.895535
               37.860001                       0.6761413                       66.286789
               37.869999                      0.67456577                       65.674979
               37.880001                      0.67297428                       65.060126
               37.889999                      0.67136679                       64.442214
               37.900002                      0.66974351                       63.821268
                   37.91                      0.66810443                       63.197267
               37.919998                       0.6664498                       62.570231
                   37.93                      0.66477971                       61.940155
               37.939999                      0.66309454                       61.307045
               37.950001                      0.66139446                       60.670896
               37.959999                      0.65967975                       60.031721
               37.970001                      0.65795077                       59.389504
                   37.98                      0.65620769                       58.744264
               37.990002                      0.65445095                       58.095986
                      38                      0.65268091                       57.444664
               38.009998                      0.65089803                       56.790303
                   38.02                      0.64910267                       56.132904
               38.029999                      0.64729513                       55.472447
               38.040001                      0.64547599                        54.80893
               38.049999                      0.64364576                       54.142346
               38.060001                      0.64180479                       53.472683
                   38.07                      0.63995374                       52.799932
               38.080002                      0.63809297                       52.124076
                   38.09                      0.63622303                       51.445102
               38.099998                      0.63434452                       50.762996
               38.110001                      0.63245798                       50.077731
               38.119999                      0.63056389                       49.389298
               38.130001                      0.62866286                       48.697675
               38.139999                      0.62675556                       48.002831
               38.150002                      0.62484238                       47.304742
                   38.16                      0.62292397                       46.603387
               38.169998                       0.6210009                       45.898742
                   38.18                      0.61907379                       45.190765
               38.189999                      0.61714329                       44.479433
               38.200001                      0.61520981                       43.764707
               38.209999                       0.6132741                       43.046555
               38.220001                      0.61133665                       42.324948
                   38.23                      0.60939809                       41.599837
               38.240002                      0.60745895                       40.871193
                   38.25                      0.60551975                       40.138964
               38.259998                      0.60358119                       39.403125
                   38.27                      0.60164379                       38.663623
               38.279999                      0.59970803                        37.92041
               38.290001                      0.59777451                       37.173447
               38.299999                       0.5958438                       36.422691
               38.310001                       0.5939163                       35.668097
                   38.32                      0.59199271                       34.909606
               38.330002                      0.59007334                       34.147186
                   38.34                      0.58815889                       33.380774
               38.349998                      0.58624969                       32.610336
               38.360001                      0.58434637                       31.835811
               38.369999                      0.58244926                       31.057163
               38.380001                      0.58055893                       30.274328
               38.389999                      0.57867577                       29.487268
               38.400002                      0.57680018                       28.695934
                   38.41                      0.57493268                       27.900277
               38.419998                      0.57307366                       27.100246
                   38.43                       0.5712235                       26.295799
               38.439999                      0.56938268                       25.486886
               38.450001                      0.56755152                       24.673467
               38.459999                      0.56573036                       23.855502
               38.470001                      0.56391968                       23.032938
                   38.48                      0.56211979                        22.20574
               38.490002                      0.56033102                       21.373869
                    38.5                      0.55855382                       20.537286
               38.509998                      0.55678847                       19.695954
                   38.52                      0.55503524                       18.849843
               38.529999                      0.55329446                        17.99892
               38.540001                      0.55156668                       17.143151
               38.549999                      0.54985195                       16.282515
               38.560001                       0.5481507                       15.416981
                   38.57                      0.54646325                       14.546534
               38.580002                      0.54478983                       13.671148
                   38.59                      0.54313087                        12.79081
               38.599998                      0.54148663                       11.905504
               38.610001                       0.5398573                       11.015221
               38.619999                      0.53824328                       10.119953
               38.630001                      0.53664493                       9.2196966
               38.639999                      0.53506241                       8.3144475
               38.650002                      0.53349606                       7.4042128
                   38.66                      0.53194616                       6.4889952
               38.669998                      0.53041316                       5.5688048
                   38.68                      0.52889718                       4.6436547
               38.689999                       0.5273985                       3.7135625
               38.700001                       0.5259176                        2.778548
               38.709999                      0.52445472                       1.8386361
               38.720001                      0.52301006                      0.89385487
                   38.73                      0.52158404                       359.94424
               38.740002                      0.52017691                       358.98982
                   38.75                      0.51878911                       358.03064
               38.759998                      0.51742086                       357.06674
                   38.77                      0.51607238                       356.09818
               38.779999                      0.51474422                       355.12499
               38.790001                      0.51343654                       354.14725
               38.799999                      0.51214977                       353.16501
               38.810001                      0.51088415                       352.17833
                   38.82                      0.50964009                       351.18729
               38.830002                      0.50841793                       350.19195
                   38.84                      0.50721796                       349.19239
               38.849998                      0.50604056                       348.18869
               38.860001                      0.50488609                       347.18093
               38.869999                      0.50375486                       346.16921
               38.880001                      0.50264718                       345.15361
               38.889999                      0.50156349                       344.13423
               38.900002                      0.50050412                       343.11116
                   38.91                      0.49946936                       342.08452
               38.919998                       0.4984596                        341.0544
                   38.93                      0.49747521                       340.02091
               38.939999                      0.49651647                       338.98417
               38.950001                      0.49558373                       337.94428
               38.959999                       0.4946774                       336.90138
               38.970001                      0.49379774                       335.85558
                   38.98                      0.49294512                         334.807
               38.990002                      0.49211986                       333.75576
                      39                      0.49132223                       332.70201
               39.009998                      0.49055265                       331.64586
                   39.02                       0.4898113                       330.58746
               39.029999                      0.48909859                       329.52694
               39.040001                      0.48841476                       328.46442
               39.049999                      0.48776009                       327.40006
               39.060001                       0.4871349                       326.33399
                   39.07                      0.48653943                       325.26636
               39.080002                      0.48597391                        324.1973
                   39.09                      0.48543865                       323.12696
               39.099998                      0.48493382                       322.05549
               39.110001                      0.48445968                       320.98304
               39.119999                      0.48401642                       319.90974
               39.130001                      0.48360426                        318.8357
               39.139999                      0.48322339                       317.76115
               39.150002                      0.48287395                       316.68616
                   39.16                      0.48255612                       315.61094
               39.169998                      0.48227003                       314.53556
                   39.18                      0.48201585                       313.46021
               39.189999                       0.4817936                       312.38505
               39.200001                       0.4816035                       311.31019
               39.209999                      0.48144555                       310.23576
               39.220001                      0.48131979                        309.1619
                   39.23                      0.48122639                       308.08878
               39.240002                      0.48116526                       307.01652
                   39.25                      0.48113648                       305.94526
               39.259998                         0.48114                        304.8751
                   39.27                       0.4811759                       303.80619
               39.279999                      0.48124398                       302.73865
               39.290001                      0.48134435                       301.67262
               39.299999                      0.48147683                       300.60819
               39.310001                       0.4816414                       299.54551
                   39.32                      0.48183789                       298.48469
               39.330002                      0.48206621                       297.42582
                   39.34                      0.48232624                       296.36899
               39.349998                      0.48261778                        295.3144
               39.360001                      0.48294063                       294.26203
               39.369999                      0.48329466                       293.21207
               39.380001                      0.48367966                       292.16459
               39.389999                      0.48409532                       291.11964
               39.400002                      0.48454143                       290.07737
                   39.41                      0.48501771                        289.0378
               39.419998                      0.48552389                       288.00108
                   39.43                      0.48605967                       286.96723
               39.439999                      0.48662477                       285.93636
               39.450001                      0.48721876                       284.90852
               39.459999                       0.4878413                       283.88378
               39.470001                      0.48849211                        282.8622
                   39.48                      0.48917071                       281.84384
               39.490002                      0.48987675                       280.82876
                    39.5                      0.49060981                       279.81701
               39.509998                       0.4913694                       278.80863
                   39.52                      0.49215513                       277.80367
               39.529999                      0.49296645                       276.80217
               39.540001                      0.49380296                       275.80417
               39.549999                      0.49466415                        274.8097
               39.560001                      0.49554951                        273.8188
                   39.57                      0.49645848                       272.83147
               39.580002                      0.49739052                       271.84778
                   39.59                      0.49834506                       270.86771
               39.599998                      0.49932164                       269.89132
               39.610001                      0.50031954                       268.91859
               39.619999                      0.50133828                       267.94955
               39.630001                      0.50237714                       266.98421
               39.639999                      0.50343562                       266.02257
               39.650002                      0.50451303                       265.06467
                   39.66                      0.50560869                       264.11048
               39.669998                        0.506722                       263.16001
                   39.68                      0.50785231                       262.21328
               39.689999                        0.508999                       261.27026
               39.700001                      0.51016123                       260.33096
               39.709999                       0.5113384                       259.39539
               39.720001                      0.51252994                       258.46354
                   39.73                      0.51373494                       257.53539
               39.740002                      0.51495279                       256.61094
                   39.75                       0.5161828                       255.69017
               39.759998                      0.51742417                       254.77309
                   39.77                      0.51867629                       253.85967
               39.779999                       0.5199383                       252.94992
               39.790001                      0.52120953                        252.0438
               39.799999                      0.52248929                       251.14132
               39.810001                      0.52377677                       250.24245
                   39.82                      0.52507128                        249.3472
               39.830002                      0.52637202                       248.45552
                   39.84                      0.52767831                       247.56742
               39.849998                      0.52898942                       246.68289
               39.860001                      0.53030456                       245.80189
               39.869999                      0.53162304                       244.92441
               39.880001                      0.53294409                       244.05046
               39.889999                        0.534267                          243.18
               39.900002                      0.53559114                       242.31301
                   39.91                      0.53691561                        241.4495
               39.919998                      0.53823982                       240.58944
                   39.93                      0.53956307                       239.73281
               39.939999                      0.54088461                        238.8796
               39.950001                      0.54220376                        238.0298
               39.959999                       0.5435199                       237.18339
               39.970001                      0.54483235                       236.34035
                   39.98                      0.54614045                       235.50068
               39.990002                      0.54744347                       234.66435
                      40                      0.54874085                       233.83135
               40.009998                      0.55003203                       233.00168
                   40.02                      0.55131632                       232.17532
               40.029999                      0.55259312                       231.35225
               40.040001                      0.55386186                       230.53245
               40.049999                      0.55512202                       229.71593
               40.060001                      0.55637298                       228.90265
                   40.07                      0.55761435                       228.09263
               40.080002                      0.55884545                       227.28582
                   40.09                      0.56006588                       226.48222
               40.099998                       0.5612751                       225.68185
               40.110001                      0.56247275                       224.88465
               40.119999                      0.56365829                       224.09063
               40.130001                      0.56483127                       223.29978
               40.139999                      0.56599141                       222.51208
               40.150002                      0.56713814                       221.72749
                   40.16                      0.56827128                       220.94605
               40.169998                      0.56939037                       220.16769
                   40.18                      0.57049508                       219.39246
               40.189999                      0.57158506                       218.62027
               40.200001                      0.57266015                       217.85117
               40.209999                      0.57371994                       217.08508
               40.220001                      0.57476418                       216.32204
                   40.23                      0.57579272                       215.56201
               40.240002                      0.57680529                       214.80496
                   40.25                      0.57780166                       214.05088
               40.259998                      0.57878166                       213.29975
                   40.27                       0.5797451                       212.55154
               40.279999                      0.58069183                       211.80625
               40.290001                      0.58162169                       211.06383
               40.299999                      0.58253467                       210.32426
               40.310001                      0.58343044                       209.58753
                   40.32                      0.58430917                        208.8536
               40.330002                       0.5851705                       208.12244
                   40.34                      0.58601457                       207.39403
               40.349998                      0.58684122                       206.66833
               40.360001                      0.58765039                       205.94533
               40.369999                      0.58844206                       205.22496
               40.380001                      0.58921625                       204.50721
               40.389999                      0.58997281                       203.79203
               40.400002                      0.59071185                       203.07939
                   40.41                      0.59143326                       202.36925
               40.419998                      0.59213709                       201.66156
                   40.43                      0.59282334                        200.9563
               40.439999                      0.59349194                        200.2534
               40.450001                      0.59414288                       199.55283
               40.459999                      0.59477633                       198.85454
               40.470001                      0.59539209                       198.15848
                   40.48                      0.59599031                       197.46458
               40.490002                      0.59657084                       196.77285
                    40.5                      0.59713375                       196.08316
               40.509998                      0.59767906                       195.39549
                   40.52                      0.59820671                       194.70979
               40.529999                      0.59871662                       194.02602
               40.540001                      0.59920883                       193.34407
               40.549999                      0.59968321                       192.66393
               40.560001                      0.60013979                       191.98549
                   40.57                      0.60057853                       191.30874
               40.580002                      0.60099924                       190.63357
                   40.59                      0.60140186                       189.95994
               40.599998                      0.60178639                        189.2878
               40.610001                      0.60215254                       188.61706
               40.619999                      0.60250028                       187.94763
               40.630001                      0.60282945                        187.2795
               40.639999                       0.6031398                       186.61253
               40.650002                      0.60343128                       185.94671
                   40.66                      0.60370357                       185.28196
               40.669998                      0.60395653                       184.61819
                   40.68                       0.6041898                        183.9553
               40.689999                      0.60440319                       183.29328
               40.700001                      0.60459642                       182.63202
               40.709999                      0.60476921                       181.97145
               40.720001                      0.60492114                       181.31151
                   40.73                       0.6050519                       180.65211
               40.740002                      0.60516125                       179.99319
                   40.75                      0.60524854                       179.33469
               40.759998                      0.60531368                       178.67648
                   40.77                      0.60535595                       178.01856
               40.779999                      0.60537499                        177.3608
               40.790001                      0.60537035                       176.70314
               40.799999                      0.60534158                       176.04555
               40.810001                      0.60528802                        175.3879
                   40.82                       0.6052093                       174.73015
               40.830002                      0.60510474                       174.07222
                   40.84                       0.6049738                       173.41405
               40.849998                       0.6048159                       172.75554
               40.860001                      0.60463038                       172.09666
               40.869999                      0.60441657                       171.43733
               40.880001                      0.60417397                       170.77748
               40.889999                      0.60390175                       170.11705
               40.900002                      0.60359929                       169.45594
                   40.91                      0.60326596                       168.79414
               40.919998                      0.60290085                       168.13154
                   40.93                      0.60250338                        167.4681
               40.939999                      0.60207277                       166.80378
               40.950001                      0.60160818                       166.13848
               40.959999                      0.60110898                       165.47216
               40.970001                      0.60057426                       164.80474
                   40.98                      0.60000332                       164.13616
               40.990002                      0.59939522                       163.46642
                      41                       0.5987493                       162.79539
               41.009998                      0.59806458                       162.12309
                   41.02                      0.59734035                       161.44942
               41.029999                      0.59657567                       160.77431
               41.040001                      0.59576983                       160.09777
               41.049999                      0.59492182                       159.41969
               41.060001                      0.59403091                       158.74006
                   41.07                       0.5930961                       158.05879
               41.080002                      0.59211671                       157.37587
                   41.09                      0.59109169                       156.69124
               41.099998                      0.59002027                       156.00484
               41.110001                      0.58890157                       155.31666
               41.119999                       0.5877347                       154.62661
               41.130001                      0.58651879                       153.93465
               41.139999                      0.58525296                       153.24078
               41.150002                      0.58393633                        152.5449
                   41.16                      0.58256814                       151.84701
               41.169998                      0.58114734                       151.14705
                   41.18                      0.57967318                       150.44496
               41.189999                      0.57814473                       149.74074
               41.200001                      0.57656119                       149.03432
               41.209999                       0.5749218                       148.32563
               41.220001                      0.57322549                       147.61467
                   41.23                      0.57147157                       146.90139
               41.240002                       0.5696591                       146.18575
                   41.25                      0.56778734                       145.46767
               41.259998                      0.56585545                       144.74715
                   41.27                      0.56386256                       144.02413
               41.279999                      0.56180779                        143.2986
               41.290001                      0.55969044                       142.57045
               41.299999                      0.55750972                       141.83968
               41.310001                      0.55526475                       141.10622
                   41.32                      0.55295478                       140.37001
               41.330002                      0.55057899                       139.63109
                   41.34                      0.54813664                       138.88933
               41.349998                      0.54562694                       138.14471
               41.360001                      0.54304917                       137.39714
               41.369999                      0.54040246                        136.6466
               41.380001                      0.53768623                       135.89305
               41.389999                      0.53489967                       135.13646
               41.400002                      0.53204196                        134.3767
                   41.41                      0.52911251                       133.61376
               41.419998                      0.52611058                       132.84758
                   41.43                      0.52303547                       132.07807
               41.439999                      0.51988641                       131.30523
               41.450001                      0.51666289                       130.52892
               41.459999                      0.51336408                       129.74913
               41.470001                      0.50998944                       128.96574
                   41.48                       0.5065382                       128.17876
               41.490002                      0.50300985                       127.38802
                    41.5                      0.49940374                        126.5935
               41.509998                      0.49571921                       125.79514
                   41.52                      0.49195568                       124.99278
               41.529999                      0.48811263                       124.18638
               41.540001                      0.48418942                       123.37591
               41.549999                      0.48018555                       122.56115
               41.560001                       0.4761005                        121.7421
                   41.57                      0.47193369                       120.91863
               41.580002                      0.46768468                       120.09062
                   41.59                      0.46335299                       119.25799
               41.599998                      0.45893814                       118.42058
               41.610001                      0.45443973                       117.57828
               41.619999                      0.44985733                       116.73098
               41.630001                      0.44519056                       115.87852
               41.639999                      0.44043904                       115.02081
               41.650002                      0.43560249                       114.15764
                   41.66                      0.43068053                       113.28887
               41.669998                      0.42567293                        112.4143
                   41.68                      0.42057943                       111.53381
               41.689999                      0.41539983                       110.64717
               41.700001                      0.41013392                       109.75419
               41.709999                      0.40478159                       108.85463
               41.720001                      0.39934271                       107.94829
                   41.73                      0.39381726                        107.0349
               41.740002                      0.38820515                       106.11425
                   41.75                      0.38250649                       105.18597
               41.759998                       0.3767213                       104.24977
                   41.77                      0.37084974                       103.30537
               41.779999                      0.36489192                       102.35237
               41.790001                       0.3588481                       101.39038
               41.799999                      0.35271859                       100.41902
               41.810001                       0.3465037                       99.437818
                   41.82                      0.34020387                       98.446239
               41.830002                       0.3338196                       97.443785
                   41.84                      0.32735138                       96.429831
               41.849998                      0.32079991                       95.403772
               41.860001                      0.31416585                       94.364845
               41.869999                      0.30745005                       93.312259
               41.880001                      0.30065337                       92.245137
               41.889999                      0.29377681                       91.162552
               41.900002                      0.28682148                       90.063356
                   41.91                      0.27978857                       88.946347
               41.919998                      0.27267949                       87.810241
                   41.93                      0.26549561                        86.65348
               41.939999                      0.25823864                       85.474343
               41.950001                      0.25091038                       84.270864
               41.959999                      0.24351276                       83.040966
               41.970001                        0.236048                       81.782052
                   41.98                      0.22851856                       80.491283
               41.990002                      0.22092706                       79.165352
                      42                      0.21327652                       77.800517
               42.009998                      0.20557028                       76.392377
                   42.02                       0.1978121                        74.93577
               42.029999                      0.19000624                       73.424716
               42.040001                      0.18215753                       71.852134
               42.049999                      0.17427143                       70.209635
               42.060001                      0.16635441                       68.487225
                   42.07                      0.15841392                       66.672826
               42.080002                      0.15045869                       64.751878
                   42.09                      0.14249923                       62.706674
               42.099998                      0.13454809                       60.515411
               42.110001                      0.12662076                       58.151101
               42.119999                      0.11873626                       55.580162
               42.130001                      0.11091856                       52.760304
               42.139999                      0.10319821                       49.638253
               42.150002                      0.09561467                       46.146361
                   42.16                      0.08821971                       42.198921
               42.169998                     0.081081982                       37.688155
                   42.18                     0.074293214                       32.481253
               42.189999                     0.067976057                       26.421949
               42.200001                     0.062292493                       19.342922
               42.209999                     0.057449227                       11.101507
               42.220001                      0.05369209                       1.6493987
                   42.23                     0.051277315                       351.13077
               42.240002                     0.050413421                       339.95208
                   42.25                     0.051191978                       328.72964
               42.259998                     0.053551836                       318.09479
                   42.27                     0.057305821                        308.4873
               42.279999                     0.062207532                       300.08289
               42.290001                     0.068012616                       292.85232
               42.299999                     0.074511758                       286.66034
               42.310001                     0.081539142                       281.34023
                   42.32                     0.088968304                       276.73321
               42.330002                     0.096704218                       272.70334
                   42.34                      0.10467543                        269.1397
               42.349998                      0.11282781                       265.95405
               42.360001                      0.12111974                       263.07666
               42.369999                      0.12951883                       260.45263
               42.380001                       0.1379993                       258.03846
               42.389999                       0.1465404                       255.79963
               42.400002                      0.15512507                        253.7085
                   42.41                      0.16373901                       251.74272
               42.419998                      0.17237006                       249.88409
                   42.43                      0.18100781                       248.11775
               42.439999                      0.18964305                       246.43157
               42.450001                      0.19826759                       244.81527
               42.459999                      0.20687416                       243.26034
               42.470001                       0.2154561                       241.75972
                   42.48                      0.22400728                       240.30729
               42.490002                       0.2325221                       238.89792
                    42.5                      0.24099527                       237.52724
               42.509998                      0.24942187                       236.19153
                   42.52                      0.25779725                       234.88751
               42.529999                      0.26611702                       233.61228
               42.540001                      0.27437704                       232.36362
               42.549999                      0.28257335                       231.13926
               42.560001                       0.2907021                       229.93737
                   42.57                      0.29875976                        228.7564
               42.580002                      0.30674285                       227.59483
                   42.59                      0.31464807                       226.45151
               42.599998                      0.32247231                        225.3253
               42.610001                      0.33021253                       224.21526
               42.619999                      0.33786592                       223.12046
               42.630001                      0.34542972                       222.04031
               42.639999                       0.3529014                       220.97398
               42.650002                      0.36027848                       219.92098
                   42.66                      0.36755872                       218.88071
               42.669998                      0.37473992                       217.85285
                   42.68                      0.38182003                       216.83696
               42.689999                      0.38879723                       215.83254
               42.700001                      0.39566979                       214.83948
               42.709999                      0.40243607                       213.85735
               42.720001                      0.40909467                       212.88605
                   42.73                      0.41564434                       211.92529
               42.740002                      0.42208389                       210.97491
                   42.75                      0.42841236                       210.03474
               42.759998                      0.43462891                       209.10469
                   42.77                      0.44073286                       208.18458
               42.779999                      0.44672375                       207.27442
               42.790001                      0.45260124                       206.37404
               42.799999                      0.45836504                       205.48338
               42.810001                       0.4640152                        204.6024
                   42.82                      0.46955184                       203.73108
               42.830002                      0.47497529                       202.86939
                   42.84                      0.48028596                       202.01736
               42.849998                      0.48548456                       201.17473
               42.860001                      0.49057178                       200.34178
               42.869999                      0.49554865                       199.51833
               42.880001                      0.50041627                       198.70439
               42.889999                      0.50517595                       197.90001
               42.900002                      0.50982909                       197.10514
                   42.91                       0.5143773                       196.31983
               42.919998                      0.51882232                       195.54403
                   42.93                      0.52316604                       194.77774
               42.939999                      0.52741052                        194.0209
               42.950001                      0.53155792                       193.27357
               42.959999                      0.53561066                       192.53564
               42.970001                      0.53957109                       191.80727
                   42.98                      0.54344182                       191.08824
               42.990002                      0.54722565                       190.37861
                      43                      0.55092526                       189.67832

